,route_id,service_id,trip_id,direction_id,block_id,shape_id,direction,wheelchair_accessible,schd_trip_id
8636,20,62601,6260910026020,0,626055899302,62600949,West,1,910026020
8637,20,62601,6260910028020,1,626055899302,62602063,East,1,910028020
8638,20,62601,6260910029020,0,626055899302,62604096,West,1,910029020
8639,20,62601,6260910030020,1,626055899302,62600956,East,1,910030020
8640,20,62601,6260910032020,1,626055899402,62602063,East,1,910032020
8641,20,62601,6260910033020,0,626055899402,62604096,West,1,910033020
8642,20,62601,6260910034020,1,626055899402,62600951,East,1,910034020
8643,20,62601,6260910035020,0,626055899402,62600954,West,1,910035020
8644,20,62601,6260910036020,1,626055899402,62600956,East,1,910036020
8645,20,62601,6260910040020,0,626055899602,62604095,West,1,910040020
8646,20,62601,6260910042020,0,626055899602,62600949,West,1,910042020
8647,20,62601,6260910043020,1,626055899602,62602063,East,1,910043020
8648,20,62601,6260910458020,1,626055906202,62600956,East,1,910458020
8649,20,62601,6260910460020,0,626055906202,62600949,West,1,910460020
8650,20,62601,6260910461020,1,626055906202,62602063,East,1,910461020
8651,20,62601,6260910462020,0,626055906202,62604096,West,1,910462020
8652,20,62601,6260910503020,0,626055906302,62600949,West,1,910503020
8653,20,62601,6260910504020,1,626055906302,62602063,East,1,910504020
8654,20,62601,6260910505020,0,626055906302,62604096,West,1,910505020
8655,20,62601,6260910506020,1,626055906302,62602063,East,1,910506020
8656,20,62601,6260910507020,0,626055906302,62604095,West,1,910507020
8657,20,62601,6260910529020,0,626055887902,62600949,West,1,910529020
8658,20,62601,6260910579020,1,626055899102,62602063,East,1,910579020
8659,20,62601,6260910588020,1,626055899202,62600956,East,1,910588020
8660,20,62601,6260910760020,0,626055892502,62604096,West,1,910760020
8661,20,62601,6260910929020,1,626055899202,62602063,East,1,910929020
8662,20,62601,6260910936020,0,626055899202,62604096,West,1,910936020
8663,20,62601,6260910938020,0,626055892202,62600949,West,1,910938020
8664,20,62601,6260910939020,0,626055899102,62600949,West,1,910939020
8665,20,62601,6260910941020,1,626055892502,62602063,East,1,910941020
8666,20,62601,6260910943020,0,626055896102,62600949,West,1,910943020
8667,20,62601,6260910949020,1,626055892302,62600957,East,1,910949020
8668,20,62601,6260910950020,0,626055892302,62600949,West,1,910950020
8669,20,62601,6260910952020,0,626055896202,62604095,West,1,910952020
8670,20,62601,6260910953020,1,626055899202,62602063,East,1,910953020
8671,20,62601,6260910955020,1,626055896202,62602063,East,1,910955020
8672,20,62601,6260910968020,0,626055899202,62604096,West,1,910968020
8673,20,62601,6260910976020,0,626055892502,62600949,West,1,910976020
8674,20,62601,6260910982020,0,626055899202,62600949,West,1,910982020
8675,20,62601,6260910984020,0,626055892202,62604095,West,1,910984020
8676,20,62601,6260910985020,1,626055892202,62602063,East,1,910985020
8677,20,62601,6260910986020,1,626055892302,62602063,East,1,910986020
8678,20,62601,6260910992020,0,626055899102,62604095,West,1,910992020
8679,20,62601,6260910996030,0,626055899503,62600947,West,1,910996030
8680,20,62601,6260911000030,1,626055899503,62602063,East,1,911000030
8681,20,62601,6260911001030,1,626055899503,62600959,East,1,911001030
8682,20,62601,6260911002030,0,626055899503,62600947,West,1,911002030
8683,20,62601,6260911003030,0,626055899503,62604096,West,1,911003030
8684,20,62601,6260911004030,1,626055899503,62602063,East,1,911004030
8685,20,62601,6260911005030,0,626055899503,62604095,West,1,911005030
8686,20,62601,6260911018020,1,626055896102,62602063,East,1,911018020
8687,20,62601,6260911019020,0,626055892302,62604096,West,1,911019020
8688,20,62601,6260911025020,1,626055892302,62600956,East,1,911025020
8689,20,62601,6260911205020,0,626055885002,62600949,West,1,911205020
8690,20,62601,6260911207020,1,626055885002,62602063,East,1,911207020
8691,20,62601,6260911208020,0,626055885002,62604096,West,1,911208020
8692,20,62601,6260911209020,1,626055885002,62600956,East,1,911209020
8693,20,62601,6260911211020,0,626055908102,62604096,West,1,911211020
8694,20,62601,6260911213020,0,626055908102,62600949,West,1,911213020
8695,20,62601,6260911214020,1,626055908102,62602063,East,1,911214020
8696,20,62601,6260911215020,0,626055908102,62600954,West,1,911215020
8697,20,62601,6260911216020,1,626055908102,62600957,East,1,911216020
8698,20,62601,6260911217020,1,626055908102,62600957,East,1,911217020
8699,20,62601,6260911218020,0,626055908102,62600954,West,1,911218020
8700,20,62601,6260911219020,1,626055908102,62600957,East,1,911219020
8701,20,62601,6260911220020,0,626055908102,62600954,West,1,911220020
8702,20,62601,6260911221020,1,626055908102,62602063,East,1,911221020
8703,20,62601,6260911222020,0,626055908102,62604096,West,1,911222020
8704,20,62601,6260911223020,1,626055908102,62602063,East,1,911223020
8705,20,62601,6260911224020,0,626055908102,62604096,West,1,911224020
8706,20,62601,6260911225020,0,626055908102,62600954,West,1,911225020
8707,20,62601,6260911226020,1,626055908102,62600957,East,1,911226020
8708,20,62601,6260911227020,0,626055908102,62600954,West,1,911227020
8709,20,62601,6260911228020,1,626055908102,62600957,East,1,911228020
8710,20,62601,6260911230020,1,626055908102,62600959,East,1,911230020
8711,20,62601,6260911239020,0,626055907802,62600949,West,1,911239020
8712,20,62601,6260911240020,1,626055907802,62602063,East,1,911240020
8713,20,62601,6260911241020,0,626055907802,62604096,West,1,911241020
8714,20,62601,6260911242020,1,626055907802,62602063,East,1,911242020
8715,20,62601,6260911243020,0,626055907802,62604096,West,1,911243020
8716,20,62601,6260911244020,1,626055907802,62600957,East,1,911244020
8717,20,62601,6260911245020,0,626055907802,62600954,West,1,911245020
8718,20,62601,6260911246020,1,626055907802,62600957,East,1,911246020
8719,20,62601,6260911247020,1,626055907802,62602063,East,1,911247020
8720,20,62601,6260911248020,0,626055907802,62600954,West,1,911248020
8721,20,62601,6260911249020,1,626055907802,62602063,East,1,911249020
8722,20,62601,6260911250020,0,626055907802,62604096,West,1,911250020
8723,20,62601,6260911251020,1,626055907802,62600957,East,1,911251020
8724,20,62601,6260911252020,0,626055907802,62600954,West,1,911252020
8725,20,62601,6260911253020,0,626055907802,62604096,West,1,911253020
8726,20,62601,6260911254020,1,626055907802,62600957,East,1,911254020
8727,20,62601,6260911255020,0,626055907802,62600954,West,1,911255020
8728,20,62601,6260911256020,1,626055907802,62600957,East,1,911256020
8729,20,62601,6260911257020,0,626055907802,62600954,West,1,911257020
8730,20,62601,6260911260020,0,626055907402,62600949,West,1,911260020
8731,20,62601,6260911261020,1,626055907402,62602063,East,1,911261020
8732,20,62601,6260911263020,1,626055907402,62602063,East,1,911263020
8733,20,62601,6260911264020,0,626055907402,62604096,West,1,911264020
8734,20,62601,6260911265020,1,626055907402,62600957,East,1,911265020
8735,20,62601,6260911266020,0,626055907402,62604096,West,1,911266020
8736,20,62601,6260911267020,1,626055907402,62600957,East,1,911267020
8737,20,62601,6260911268020,0,626055907402,62600954,West,1,911268020
8738,20,62601,6260911269020,0,626055907402,62600954,West,1,911269020
8739,20,62601,6260911270020,0,626055907402,62600954,West,1,911270020
8740,20,62601,6260911271020,1,626055907402,62600957,East,1,911271020
8741,20,62601,6260911272020,1,626055907402,62602063,East,1,911272020
8742,20,62601,6260911273020,0,626055907402,62604096,West,1,911273020
8743,20,62601,6260911274020,1,626055907402,62602063,East,1,911274020
8744,20,62601,6260911275020,0,626055907402,62604096,West,1,911275020
8745,20,62601,6260911276020,1,626055907402,62600957,East,1,911276020
8746,20,62601,6260911277020,0,626055907402,62600954,West,1,911277020
8747,20,62601,6260911278020,1,626055907402,62600957,East,1,911278020
8748,20,62601,6260911279020,0,626055907402,62600954,West,1,911279020
8749,20,62601,6260911280020,1,626055907402,62600956,East,1,911280020
8750,20,62601,6260911283020,1,626055897602,62602063,East,1,911283020
8751,20,62601,6260911284020,0,626055897602,62600949,West,1,911284020
8752,20,62601,6260911285020,1,626055897602,62602063,East,1,911285020
8753,20,62601,6260911286020,0,626055897602,62604096,West,1,911286020
8754,20,62601,6260911287020,1,626055897602,62600957,East,1,911287020
8755,20,62601,6260911288020,0,626055897602,62600954,West,1,911288020
8756,20,62601,6260911289020,0,626055897602,62604096,West,1,911289020
8757,20,62601,6260911290020,1,626055897602,62600957,East,1,911290020
8758,20,62601,6260911291020,0,626055897602,62600954,West,1,911291020
8759,20,62601,6260911292020,1,626055897602,62600957,East,1,911292020
8760,20,62601,6260911293020,0,626055897602,62600954,West,1,911293020
8761,20,62601,6260911294020,1,626055897602,62602063,East,1,911294020
8762,20,62601,6260911295020,0,626055897602,62604096,West,1,911295020
8763,20,62601,6260911297020,1,626055897602,62600956,East,1,911297020
8764,20,62601,6260911298020,1,626055897402,62602063,East,1,911298020
8765,20,62601,6260911300020,0,626055897402,62600949,West,1,911300020
8766,20,62601,6260911301020,1,626055897402,62600957,East,1,911301020
8767,20,62601,6260911302020,0,626055897402,62604096,West,1,911302020
8768,20,62601,6260911303020,1,626055897402,62600957,East,1,911303020
8769,20,62601,6260911304020,0,626055897402,62600954,West,1,911304020
8770,20,62601,6260911305020,0,626055897402,62600954,West,1,911305020
8771,20,62601,6260911306020,0,626055897402,62600954,West,1,911306020
8772,20,62601,6260911307020,1,626055897402,62600957,East,1,911307020
8773,20,62601,6260911308020,1,626055897402,62602063,East,1,911308020
8774,20,62601,6260911309020,0,626055897402,62604096,West,1,911309020
8775,20,62601,6260911310020,1,626055897402,62602063,East,1,911310020
8776,20,62601,6260911311020,0,626055897402,62604096,West,1,911311020
8777,20,62601,6260911312020,1,626055897402,62600956,East,1,911312020
8778,20,62601,6260911315020,0,626055897302,62600949,West,1,911315020
8779,20,62601,6260911316020,1,626055897302,62602063,East,1,911316020
8780,20,62601,6260911317020,0,626055897302,62604096,West,1,911317020
8781,20,62601,6260911318020,1,626055897302,62602063,East,1,911318020
8782,20,62601,6260911319020,0,626055897302,62600954,West,1,911319020
8783,20,62601,6260911320020,1,626055897302,62600957,East,1,911320020
8784,20,62601,6260911321020,0,626055897302,62604096,West,1,911321020
8785,20,62601,6260911322020,1,626055897302,62600957,East,1,911322020
8786,20,62601,6260911323020,0,626055897302,62600954,West,1,911323020
8787,20,62601,6260911324020,1,626055897302,62602063,East,1,911324020
8788,20,62601,6260911325020,0,626055897302,62604096,West,1,911325020
8789,20,62601,6260911326020,1,626055897302,62602063,East,1,911326020
8790,20,62601,6260911327020,1,626055897302,62600957,East,1,911327020
8791,20,62601,6260911328020,0,626055897302,62604096,West,1,911328020
8792,20,62601,6260911329020,1,626055897302,62600957,East,1,911329020
8793,20,62601,6260911330020,0,626055897302,62600954,West,1,911330020
8794,20,62601,6260911331020,0,626055897302,62600954,West,1,911331020
8795,20,62601,6260911333020,1,626055897302,62600957,East,1,911333020
8796,20,62601,6260911334020,0,626055897302,62600954,West,1,911334020
8797,20,62601,6260911354020,1,626055887002,62602063,East,1,911354020
8798,20,62601,6260911355020,0,626055887002,62604096,West,1,911355020
8799,20,62601,6260911356020,0,626055887002,62604096,West,1,911356020
8800,20,62601,6260911357020,0,626055887002,62600949,West,1,911357020
8801,20,62601,6260911358020,1,626055887002,62602063,East,1,911358020
8802,20,62601,6260911359020,1,626055887002,62600957,East,1,911359020
8803,20,62601,6260911360020,0,626055887002,62600954,West,1,911360020
8804,20,62601,6260911361020,1,626055887002,62600957,East,1,911361020
8805,20,62601,6260911362020,0,626055887002,62600954,West,1,911362020
8806,20,62601,6260911363020,1,626055887002,62600956,East,1,911363020
8807,20,62601,6260911364020,1,626055887302,62602063,East,1,911364020
8808,20,62601,6260911367020,0,626055887302,62600949,West,1,911367020
8809,20,62601,6260911369020,0,626055887302,62604096,West,1,911369020
8810,20,62601,6260911370020,1,626055887302,62600957,East,1,911370020
8811,20,62601,6260911371020,0,626055887302,62600953,West,1,911371020
8812,20,62601,6260911376020,0,626055897502,62600949,West,1,911376020
8813,20,62601,6260911377020,1,626055897502,62602063,East,1,911377020
8814,20,62601,6260911378020,0,626055897502,62604095,West,1,911378020
8815,20,62601,6260911381020,1,626055907002,62602063,East,1,911381020
8816,20,62601,6260911382020,0,626055907002,62604096,West,1,911382020
8817,20,62601,6260911383020,0,626055907002,62600949,West,1,911383020
8818,20,62601,6260911384020,1,626055907002,62602063,East,1,911384020
8819,20,62601,6260911385020,0,626055907002,62604096,West,1,911385020
8820,20,62601,6260911386020,1,626055907002,62602063,East,1,911386020
8821,20,62601,6260911387020,0,626055907002,62604095,West,1,911387020
8822,20,62601,6260911389020,0,626055907702,62604096,West,1,911389020
8823,20,62601,6260911391020,1,626055907702,62602063,East,1,911391020
8824,20,62601,6260911392020,0,626055907702,62600949,West,1,911392020
8825,20,62601,6260911393020,1,626055907702,62600957,East,1,911393020
8826,20,62601,6260911394020,1,626055907702,62602063,East,1,911394020
8827,20,62601,6260911395020,0,626055907702,62604096,West,1,911395020
8828,20,62601,6260911396020,0,626055907702,62600954,West,1,911396020
8829,20,62601,6260911397020,1,626055907702,62600957,East,1,911397020
8830,20,62601,6260911398020,0,626055907702,62600954,West,1,911398020
8831,20,62601,6260911399020,1,626055907702,62600956,East,1,911399020
8832,20,62601,6260911408030,0,626055907603,62600947,West,1,911408030
8833,20,62601,6260911409030,1,626055907603,62602063,East,1,911409030
8834,20,62601,6260911410030,0,626055907603,62604096,West,1,911410030
8835,20,62601,6260911411030,1,626055907603,62602063,East,1,911411030
8836,20,62601,6260911412030,1,626055907603,62600957,East,1,911412030
8837,20,62601,6260911413030,0,626055907603,62604096,West,1,911413030
8838,20,62601,6260911414030,1,626055907603,62602063,East,1,911414030
8839,20,62601,6260911415030,0,626055907603,62604096,West,1,911415030
8840,20,62601,6260911416030,0,636055907603,62600954,West,1,911416030
8841,20,62601,6260911417030,1,636055907603,62600957,East,1,911417030
8842,20,62601,6260911418030,1,636055907603,62602063,East,1,911418030
8843,20,62601,6260911419030,0,636055907603,62600954,West,1,911419030
8844,20,62601,6260911420030,1,636055907603,62602063,East,1,911420030
8845,20,62601,6260911421030,0,636055907603,62604096,West,1,911421030
8846,20,62601,6260911422030,0,636055907603,62604096,West,1,911422030
8847,20,62601,6260911423030,1,636055907603,62600957,East,1,911423030
8848,20,62601,6260911424030,0,636055907603,62600954,West,1,911424030
8849,20,62601,6260911426030,1,636055907603,62600956,East,1,911426030
8850,20,62601,6260911427020,1,626055907502,62600951,East,1,911427020
8851,20,62601,6260911431020,0,626055907502,62600954,West,1,911431020
8852,20,62601,6260911432020,1,626055907502,62602063,East,1,911432020
8853,20,62601,6260911433020,0,626055907502,62604096,West,1,911433020
8854,20,62601,6260911434020,1,626055907502,62602063,East,1,911434020
8855,20,62601,6260911435020,0,626055907502,62604096,West,1,911435020
8856,20,62601,6260911436020,1,626055907502,62600956,East,1,911436020
8857,20,62601,6260911444020,1,626055908002,62600951,East,1,911444020
8858,20,62601,6260911445020,1,626055908002,62602063,East,1,911445020
8859,20,62601,6260911446020,0,626055908002,62600954,West,1,911446020
8860,20,62601,6260911447020,1,626055908002,62600957,East,1,911447020
8861,20,62601,6260911448020,1,626055908002,62602063,East,1,911448020
8862,20,62601,6260911449020,0,626055908002,62604096,West,1,911449020
8863,20,62601,6260911450020,0,626055908002,62604096,West,1,911450020
8864,20,62601,6260911451020,0,626055908002,62600954,West,1,911451020
8865,20,62601,6260911452020,0,626055907902,62600949,West,1,911452020
8866,20,62601,6260911453020,1,626055908002,62600956,East,1,911453020
8867,20,62601,6260911455020,1,626055907902,62600957,East,1,911455020
8868,20,62601,6260911457020,1,626055907902,62602063,East,1,911457020
8869,20,62601,6260911458020,0,626055907902,62604096,West,1,911458020
8870,20,62601,6260911459020,0,626055907902,62600954,West,1,911459020
8871,20,62601,6260911460020,1,626055907902,62600957,East,1,911460020
8872,20,62601,6260911461020,0,626055907902,62600954,West,1,911461020
8873,20,62601,6260911462020,1,626055907902,62602063,East,1,911462020
8874,20,62601,6260911463020,1,626055907902,62600956,East,1,911463020
8875,20,62601,6260911464020,0,626055907902,62604096,West,1,911464020
8876,20,62601,6260911465020,1,626055907902,62602063,East,1,911465020
8877,20,62601,6260911466020,0,626055907902,62604096,West,1,911466020
8878,20,62601,6260911499020,0,626055892302,62600954,West,1,911499020
8879,20,62601,6260911500020,0,626055896202,62600949,West,1,911500020
8880,20,62601,6260911502020,1,626055892502,62600956,East,1,911502020
8881,20,62601,6260911504020,0,626055896102,62604096,West,1,911504020
8882,20,62601,6260911588020,0,626055889302,62600949,West,1,911588020
8883,20,62601,6260911589020,1,626055889302,62602063,East,1,911589020
8884,20,62601,6260911590020,0,626055889302,62604096,West,1,911590020
8885,20,62601,6260911591020,1,626055889302,62600956,East,1,911591020
8886,20,62601,6260911849020,0,626055882902,62600949,West,1,911849020
8887,20,62601,6260911850020,0,626055882902,62604095,West,1,911850020
8888,20,62601,6260911853020,1,626055882902,62602063,East,1,911853020
8889,20,62601,6260911862020,1,626055898602,62602062,East,1,911862020
8890,20,62601,6260911863020,0,626055898602,62604096,West,1,911863020
8891,20,62601,6260911864020,1,626055898602,62602063,East,1,911864020
8892,20,62601,6260911865020,0,626055898602,62604096,West,1,911865020
8893,20,62601,6260911866020,1,626055898602,62602063,East,1,911866020
8894,20,62601,6260911867020,0,626055898602,62604096,West,1,911867020
8895,20,62601,6260911868020,0,626055898602,62600954,West,1,911868020
8896,20,62601,6260911869020,1,626055898602,62600957,East,1,911869020
8897,20,62601,6260911870020,0,626055898602,62600954,West,1,911870020
8898,20,62601,6260911871020,1,626055898602,62600957,East,1,911871020
8899,20,62601,6260911872020,1,626055898602,62600959,East,1,911872020
8900,20,62601,6260911877020,0,626055898502,62600949,West,1,911877020
8901,20,62601,6260911878020,1,626055898502,62602063,East,1,911878020
8902,20,62601,6260911879020,0,626055898502,62604096,West,1,911879020
8903,20,62601,6260911880020,1,626055898502,62600957,East,1,911880020
8904,20,62601,6260911881020,0,626055898502,62600954,West,1,911881020
8905,20,62601,6260911882020,1,626055898502,62600957,East,1,911882020
8906,20,62601,6260911883020,0,626055898502,62600954,West,1,911883020
8907,20,62601,6260911884020,1,626055898502,62600957,East,1,911884020
8908,20,62601,6260911885020,0,626055898502,62600954,West,1,911885020
8909,20,62601,6260911886020,1,626055898502,62602063,East,1,911886020
8910,20,62601,6260911887020,0,626055898502,62604096,West,1,911887020
8911,20,62601,6260911888020,1,626055898502,62602063,East,1,911888020
8912,20,62601,6260911889020,0,626055898502,62604096,West,1,911889020
8913,20,62601,6260911892020,1,626055898502,62600956,East,1,911892020
8914,20,62601,6260911898030,1,626055898403,62600959,East,1,911898030
8915,20,62601,6260911899030,0,626055898403,62600947,West,1,911899030
8916,20,62601,6260911900030,1,626055898403,62602063,East,1,911900030
8917,20,62601,6260911901030,0,636055898403,62600954,West,1,911901030
8918,20,62601,6260911902030,0,626055898403,62604096,West,1,911902030
8919,20,62601,6260911903030,1,626055898403,62602063,East,1,911903030
8920,20,62601,6260911904030,0,626055898403,62604096,West,1,911904030
8921,20,62601,6260911905030,1,626055898403,62600957,East,1,911905030
8922,20,62601,6260911906030,0,626055898403,62600954,West,1,911906030
8923,20,62601,6260911907030,1,626055898403,62600957,East,1,911907030
8924,20,62601,6260911908030,1,636055898403,62600957,East,1,911908030
8925,20,62601,6260911909030,1,636055898403,62600956,East,1,911909030
8926,20,62601,6260911910030,0,636055898403,62600954,West,1,911910030
8927,20,62601,6260911911030,1,636055898403,62602063,East,1,911911030
8928,20,62601,6260911912030,0,636055898403,62604096,West,1,911912030
8929,20,62601,6260911930020,0,626055887902,62604096,West,1,911930020
8930,20,62601,6260911931020,1,626055887902,62600957,East,1,911931020
8931,20,62601,6260911933020,1,626055887902,62602063,East,1,911933020
8932,20,62601,6260911934020,0,626055887902,62600954,West,1,911934020
8933,20,62601,6260911935020,1,626055887902,62600957,East,1,911935020
8934,20,62601,6260911936020,0,626055887902,62600954,West,1,911936020
8935,20,62601,6260911937020,1,626055887902,62602063,East,1,911937020
8936,20,62601,6260911938020,0,626055887902,62604096,West,1,911938020
8937,20,62601,6260911939020,1,626055887902,62602063,East,1,911939020
8938,20,62601,6260911940020,0,626055887902,62604096,West,1,911940020
8939,20,62601,6260911941020,1,626055887902,62600956,East,1,911941020
8940,20,62601,6260911944020,0,626055898902,62600949,West,1,911944020
8941,20,62601,6260911945020,1,626055898902,62602063,East,1,911945020
8942,20,62601,6260911946020,0,626055898902,62604096,West,1,911946020
8943,20,62601,6260911947020,1,626055898902,62600956,East,1,911947020
8944,20,62601,6260911948020,1,626055896102,62600956,East,1,911948020
8945,20,62601,6260911951020,0,626055887802,62600949,West,1,911951020
8946,20,62601,6260911952020,0,626055887802,62600954,West,1,911952020
8947,20,62601,6260911953020,1,626055887802,62602063,East,1,911953020
8948,20,62601,6260911954020,0,626055887802,62604096,West,1,911954020
8949,20,62601,6260911955020,1,626055887802,62602063,East,1,911955020
8950,20,62601,6260911956020,1,626055887802,62600957,East,1,911956020
8951,20,62601,6260911957020,1,626055887802,62600957,East,1,911957020
8952,20,62601,6260911958020,0,626055887802,62600954,West,1,911958020
8953,20,62601,6260911959020,0,626055887802,62604096,West,1,911959020
8954,20,62601,6260911961020,1,626055887802,62602063,East,1,911961020
8955,20,62601,6260911962020,0,626055887802,62604096,West,1,911962020
8956,20,62601,6260911963020,1,626055887802,62600956,East,1,911963020
8957,20,62601,6260911971020,0,626055887702,62600949,West,1,911971020
8958,20,62601,6260911972020,1,626055887702,62602063,East,1,911972020
8959,20,62601,6260911973020,0,626055887702,62604095,West,1,911973020
8960,20,62602,6260911008030,0,626055899503,62600949,West,1,911008030
8961,20,62602,6260911425030,0,626055907603,62600949,West,1,911425030
8962,20,62602,6260911438030,1,626055907603,62600957,East,1,911438030
8963,20,62602,6260911440030,0,626055907603,62600954,West,1,911440030
8964,20,62602,6260911915030,0,626055898403,62600949,West,1,911915030
8965,20,62602,6260911916030,1,626055898403,62600959,East,1,911916030
8966,20,62604,6260911009030,1,626055899503,62600959,East,1,911009030
8967,20,62604,6260911010030,0,626055899503,62600947,West,1,911010030
8968,20,62604,6260911011030,1,626055899503,62600959,East,1,911011030
8969,20,62604,6260911439030,1,626055907603,62600959,East,1,911439030
8970,20,62604,6260911441030,1,626055907603,62600959,East,1,911441030
8971,20,62604,6260911442030,0,626055907603,62600947,West,1,911442030
8972,20,62604,6260911917030,0,626055898403,62600947,West,1,911917030
8973,20,62604,6260911918030,1,626055898403,62600959,East,1,911918030
8974,20,62604,6260911919030,0,626055898403,62600947,West,1,911919030
8975,20,62605,6260914312070,1,626055913307,62600959,East,1,914312070
8976,20,62605,6260914313070,0,626055913207,62600954,West,1,914313070
8977,20,62605,6260914314070,1,626055913207,62600957,East,1,914314070
8978,20,62605,6260914316070,0,626055913407,62600949,West,1,914316070
8979,20,62605,6260914337070,0,626055913307,62600949,West,1,914337070
8980,20,62605,6260914346070,0,626055913207,62600949,West,1,914346070
8981,20,62606,6260914161070,1,626055913007,62600957,East,1,914161070
8982,20,62606,6260914167070,1,636055913307,62600957,East,1,914167070
8983,20,62606,6260914168070,1,636055913407,62600957,East,1,914168070
8984,20,62606,6260914169070,1,636055913307,62600956,East,1,914169070
8985,20,62606,6260914170070,0,626055913007,62600954,West,1,914170070
8986,20,62606,6260914171070,1,636055913407,62600957,East,1,914171070
8987,20,62606,6260914172070,1,636055913407,62600957,East,1,914172070
8988,20,62606,6260914173070,0,636055913407,62600954,West,1,914173070
8989,20,62606,6260914174070,0,636055913407,62600954,West,1,914174070
8990,20,62606,6260914175070,0,636055913307,62600954,West,1,914175070
8991,20,62606,6260914176070,0,636055913407,62600954,West,1,914176070
8992,20,62606,6260914177070,1,636055913207,62600957,East,1,914177070
8993,20,62606,6260914178070,1,636055913307,62600957,East,1,914178070
8994,20,62606,6260914179070,1,636055913207,62600957,East,1,914179070
8995,20,62606,6260914180070,1,636055913407,62600957,East,1,914180070
8996,20,62606,6260914181070,1,636055913207,62600957,East,1,914181070
8997,20,62606,6260914182070,1,636055913307,62600957,East,1,914182070
8998,20,62606,6260914183070,1,636055913207,62600956,East,1,914183070
8999,20,62606,6260914184070,0,636055913407,62600954,West,1,914184070
9000,20,62606,6260914185070,0,636055913307,62600954,West,1,914185070
9001,20,62606,6260914186070,0,636055913207,62600954,West,1,914186070
9002,20,62606,6260914187070,0,636055913407,62600954,West,1,914187070
9003,20,62606,6260914188070,0,636055913307,62600954,West,1,914188070
9004,20,62606,6260914189070,0,636055913207,62600954,West,1,914189070
9005,20,62606,6260914190070,0,636055913307,62600954,West,1,914190070
9006,20,62606,6260914191070,0,636055913207,62600954,West,1,914191070
9007,20,62606,6260914192070,1,626055913407,62600957,East,1,914192070
9008,20,62606,6260914193070,1,626055913307,62600957,East,1,914193070
9009,20,62606,6260914194070,1,636055913207,62600957,East,1,914194070
9010,20,62606,6260914195070,1,636055913307,62600957,East,1,914195070
9011,20,62606,6260914196070,1,636055913407,62600957,East,1,914196070
9012,20,62606,6260914197070,0,636055913207,62600954,West,1,914197070
9013,20,62606,6260914198070,0,636055913407,62600954,West,1,914198070
9014,20,62606,6260914199070,1,626055913107,62600957,East,1,914199070
9015,20,62606,6260914200070,0,626055913407,62600954,West,1,914200070
9016,20,62606,6260914201070,0,626055913307,62600954,West,1,914201070
9017,20,62606,6260914202070,0,626055913107,62600954,West,1,914202070
9018,20,62606,6260914203070,0,626055913207,62600954,West,1,914203070
9019,20,62606,6260914204070,1,636055913407,62600959,East,1,914204070
9020,20,62606,6260914205070,0,636055913407,62600954,West,1,914205070
9021,20,62606,6260914206070,0,626055913207,62600954,West,1,914206070
9022,20,62606,6260914207070,1,626055913107,62600957,East,1,914207070
9023,20,62606,6260914208070,0,626055913107,62600949,West,1,914208070
9024,20,62606,6260914209070,1,636055913407,62600957,East,1,914209070
9025,20,62606,6260914210070,1,626055913107,62600957,East,1,914210070
9026,20,62606,6260914213070,1,626055913407,62600957,East,1,914213070
9027,20,62606,6260914214070,1,626055913207,62600957,East,1,914214070
9028,20,62606,6260914215070,1,626055913107,62600957,East,1,914215070
9029,20,62606,6260914216070,1,626055913107,62600957,East,1,914216070
9030,20,62606,6260914217070,0,626055913107,62600954,West,1,914217070
9031,20,62606,6260914218070,1,626055913307,62600957,East,1,914218070
9032,20,62606,6260914219070,0,626055913107,62600954,West,1,914219070
9033,20,62606,6260914220070,0,626055913107,62600954,West,1,914220070
9034,20,62606,6260914221070,0,626055913307,62600954,West,1,914221070
9035,20,62606,6260914222070,0,626055913107,62600954,West,1,914222070
9036,20,62606,6260914223070,1,626055913207,62600957,East,1,914223070
9037,20,62606,6260914224070,1,626055912707,62600956,East,1,914224070
9038,20,62606,6260914225070,1,626055912707,62600957,East,1,914225070
9039,20,62606,6260914226070,0,626055913207,62600954,West,1,914226070
9040,20,62606,6260914227070,0,626055912707,62600949,West,1,914227070
9041,20,62606,6260914228070,1,626055912707,62600957,East,1,914228070
9042,20,62606,6260914229070,1,626055912707,62600957,East,1,914229070
9043,20,62606,6260914230070,1,626055913407,62600957,East,1,914230070
9044,20,62606,6260914231070,0,626055912707,62600954,West,1,914231070
9045,20,62606,6260914232070,0,626055912707,62600954,West,1,914232070
9046,20,62606,6260914233070,0,626055913007,62600949,West,1,914233070
9047,20,62606,6260914234070,0,626055912707,62600954,West,1,914234070
9048,20,62606,6260914235070,0,626055913407,62600954,West,1,914235070
9049,20,62606,6260914236070,1,626055913007,62600957,East,1,914236070
9050,20,62606,6260914237070,1,626055913007,62600957,East,1,914237070
9051,20,62606,6260914238070,1,626055913207,62600957,East,1,914238070
9052,20,62606,6260914239070,0,626055913307,62600954,West,1,914239070
9053,20,62606,6260914240070,1,626055913307,62600957,East,1,914240070
9054,20,62606,6260914241070,0,626055913007,62600954,West,1,914241070
9055,20,62606,6260914242070,1,626055913007,62600957,East,1,914242070
9056,20,62606,6260914243070,1,626055913107,62600956,East,1,914243070
9057,20,62606,6260914244070,0,626055913307,62600954,West,1,914244070
9058,20,62606,6260914245070,0,626055913207,62600947,West,1,914245070
9059,20,62606,6260914246070,1,626055913007,62600957,East,1,914246070
9060,20,62606,6260914247070,1,626055913007,62600957,East,1,914247070
9061,20,62606,6260914248070,1,626055913007,62600957,East,1,914248070
9062,20,62606,6260914249070,1,626055913307,62600957,East,1,914249070
9063,20,62606,6260914250070,0,626055913007,62600954,West,1,914250070
9064,20,62606,6260914251070,1,626055913407,62600957,East,1,914251070
9065,20,62606,6260914252070,0,626055913007,62600954,West,1,914252070
9066,20,62606,6260914253070,0,626055913007,62600954,West,1,914253070
9067,20,62606,6260914254070,0,626055913007,62600954,West,1,914254070
9068,20,62606,6260914255070,0,626055913407,62600954,West,1,914255070
9069,20,62606,6260914256070,0,626055913007,62600954,West,1,914256070
9070,20,62606,6260914257070,0,626055913407,62600947,West,1,914257070
9071,20,62606,6260914259070,1,626055915907,62600957,East,1,914259070
9072,20,62606,6260914261070,1,626055915907,62600957,East,1,914261070
9073,20,62606,6260914262070,1,626055915907,62600957,East,1,914262070
9074,20,62606,6260914263070,0,626055915907,62600954,West,1,914263070
9075,20,62606,6260914264070,1,626055913207,62600959,East,1,914264070
9076,20,62606,6260914267070,0,626055915907,62600954,West,1,914267070
9077,20,62606,6260914268070,0,626055915907,62600954,West,1,914268070
9078,20,62606,6260914269070,1,626055915907,62600957,East,1,914269070
9079,20,62606,6260914271070,1,626055915907,62600957,East,1,914271070
9080,20,62606,6260914272070,0,626055915907,62600949,West,1,914272070
9081,20,62606,6260914273070,0,626055915907,62600954,West,1,914273070
9082,20,62606,6260914274070,0,626055915907,62600954,West,1,914274070
9083,20,62606,6260914276070,1,626055915907,62600957,East,1,914276070
9084,20,62606,6260914277070,0,626055915907,62600954,West,1,914277070
9085,20,62606,6260914278070,1,626055913407,62600959,East,1,914278070
9086,20,62606,6260914279070,0,626055913207,62600947,West,1,914279070
9087,20,62606,6260914280070,1,626055912907,62600957,East,1,914280070
9088,20,62606,6260914281070,0,626055913407,62600947,West,1,914281070
9089,20,62606,6260914282070,1,626055913307,62600959,East,1,914282070
9090,20,62606,6260914283070,0,626055913307,62600947,West,1,914283070
9091,20,62606,6260914284070,1,626055912907,62600956,East,1,914284070
9092,20,62606,6260914285070,0,626055912907,62600949,West,1,914285070
9093,20,62606,6260914287070,1,626055912907,62600957,East,1,914287070
9094,20,62606,6260914289070,1,626055912907,62600957,East,1,914289070
9095,20,62606,6260914290070,1,626055912907,62600957,East,1,914290070
9096,20,62606,6260914291070,1,626055912907,62600957,East,1,914291070
9097,20,62606,6260914292070,0,626055912907,62600954,West,1,914292070
9098,20,62606,6260914293070,0,626055912907,62600954,West,1,914293070
9099,20,62606,6260914294070,0,626055912907,62600954,West,1,914294070
9100,20,62606,6260914295070,0,626055912907,62600954,West,1,914295070
9101,20,62606,6260914296070,0,626055912907,62600954,West,1,914296070
9102,20,62606,6260914297070,0,626055912807,62600949,West,1,914297070
9103,20,62606,6260914298070,0,626055912907,62600954,West,1,914298070
9104,20,62606,6260914299070,1,626055912907,62600957,East,1,914299070
9105,20,62606,6260914300070,1,626055912807,62600957,East,1,914300070
9106,20,62606,6260914301070,1,626055912807,62600956,East,1,914301070
9107,20,62606,6260914302070,1,626055912807,62600957,East,1,914302070
9108,20,62606,6260914303070,0,626055912807,62600954,West,1,914303070
9109,20,62606,6260914304070,1,626055912807,62600957,East,1,914304070
9110,20,62606,6260914305070,1,626055912807,62600957,East,1,914305070
9111,20,62606,6260914307070,0,626055912807,62600954,West,1,914307070
9112,20,62606,6260914308070,0,626055912807,62600954,West,1,914308070
9113,20,62606,6260914310070,0,626055912807,62600954,West,1,914310070
9114,20,62606,6260914315070,0,626055916707,62600949,West,1,914315070
9115,20,62606,6260914317070,1,626055916707,62600957,East,1,914317070
9116,20,62606,6260914318070,1,626055916707,62600957,East,1,914318070
9117,20,62606,6260914319070,1,626055916707,62600959,East,1,914319070
9118,20,62606,6260914320070,1,626055916707,62600957,East,1,914320070
9119,20,62606,6260914321070,1,626055916707,62600957,East,1,914321070
9120,20,62606,6260914324070,1,626055916707,62600957,East,1,914324070
9121,20,62606,6260914325070,1,626055916707,62600957,East,1,914325070
9122,20,62606,6260914327070,1,626055916707,62600957,East,1,914327070
9123,20,62606,6260914328070,0,626055916707,62600954,West,1,914328070
9124,20,62606,6260914329070,1,626055916707,62600957,East,1,914329070
9125,20,62606,6260914330070,0,626055916707,62600954,West,1,914330070
9126,20,62606,6260914331070,0,626055916707,62600954,West,1,914331070
9127,20,62606,6260914332070,0,626055916707,62600954,West,1,914332070
9128,20,62606,6260914333070,0,626055916707,62600954,West,1,914333070
9129,20,62606,6260914334070,0,626055916707,62600954,West,1,914334070
9130,20,62606,6260914335070,0,626055916707,62600954,West,1,914335070
9131,20,62606,6260914336070,0,626055916707,62600954,West,1,914336070
9132,20,62606,6260914338070,1,626055912607,62600957,East,1,914338070
9133,20,62606,6260914339070,1,626055912607,62600957,East,1,914339070
9134,20,62606,6260914340070,1,626055912607,62600956,East,1,914340070
9135,20,62606,6260914341070,1,626055912607,62600957,East,1,914341070
9136,20,62606,6260914342070,1,626055912607,62600957,East,1,914342070
9137,20,62606,6260914343070,1,626055912607,62600957,East,1,914343070
9138,20,62606,6260914344070,0,626055912607,62600949,West,1,914344070
9139,20,62606,6260914345070,1,626055912607,62600957,East,1,914345070
9140,20,62606,6260914347070,0,626055912607,62600954,West,1,914347070
9141,20,62606,6260914348070,1,626055912607,62600957,East,1,914348070
9142,20,62606,6260914349070,1,626055912607,62600957,East,1,914349070
9143,20,62606,6260914350070,0,626055912607,62600954,West,1,914350070
9144,20,62606,6260914351070,1,626055912607,62600957,East,1,914351070
9145,20,62606,6260914352070,0,626055912607,62600954,West,1,914352070
9146,20,62606,6260914353070,0,626055912607,62600954,West,1,914353070
9147,20,62606,6260914354070,0,626055912607,62600954,West,1,914354070
9148,20,62606,6260914355070,0,626055912607,62600954,West,1,914355070
9149,20,62606,6260914356070,0,626055912607,62600954,West,1,914356070
9150,20,62606,6260914357070,0,626055912607,62600954,West,1,914357070
9151,20,62606,6260914358070,0,626055912607,62600954,West,1,914358070
9152,20,62606,6260914359070,1,626055912507,62600956,East,1,914359070
9153,20,62606,6260914360070,0,626055912507,62600949,West,1,914360070
9154,20,62606,6260914361070,1,626055912507,62600957,East,1,914361070
9155,20,62606,6260914362070,1,626055912507,62600957,East,1,914362070
9156,20,62606,6260914363070,1,626055912507,62600957,East,1,914363070
9157,20,62606,6260914364070,1,626055912507,62600957,East,1,914364070
9158,20,62606,6260914365070,0,626055912507,62600954,West,1,914365070
9159,20,62606,6260914366070,1,626055912507,62600957,East,1,914366070
9160,20,62606,6260914367070,0,626055912507,62600954,West,1,914367070
9161,20,62606,6260914368070,0,626055912507,62600954,West,1,914368070
9162,20,62606,6260914369070,0,626055912507,62600954,West,1,914369070
9163,20,62606,6260914370070,0,626055912507,62600954,West,1,914370070
9164,20,62606,6260914371070,0,626055912407,62600949,West,1,914371070
9165,20,62606,6260914372070,0,626055912507,62600954,West,1,914372070
9166,20,62606,6260914373070,1,626055912507,62600957,East,1,914373070
9167,20,62606,6260914374070,1,626055912407,62600957,East,1,914374070
9168,20,62606,6260914375070,1,626055912407,62600956,East,1,914375070
9169,20,62606,6260914376070,1,626055912407,62600957,East,1,914376070
9170,20,62606,6260914377070,1,626055912407,62600957,East,1,914377070
9171,20,62606,6260914378070,1,626055912407,62600957,East,1,914378070
9172,20,62606,6260914379070,1,626055912407,62600957,East,1,914379070
9173,20,62606,6260914380070,1,626055912407,62600957,East,1,914380070
9174,20,62606,6260914381070,1,626055912407,62600957,East,1,914381070
9175,20,62606,6260914382070,0,626055912407,62600954,West,1,914382070
9176,20,62606,6260914383070,1,626055912407,62600957,East,1,914383070
9177,20,62606,6260914384070,1,626055912407,62600957,East,1,914384070
9178,20,62606,6260914385070,0,626055912407,62600954,West,1,914385070
9179,20,62606,6260914386070,0,626055912407,62600954,West,1,914386070
9180,20,62606,6260914387070,0,626055912407,62600954,West,1,914387070
9181,20,62606,6260914388070,0,626055912407,62600954,West,1,914388070
9182,20,62606,6260914389070,0,626055912407,62600954,West,1,914389070
9183,20,62606,6260914390070,0,626055912407,62600954,West,1,914390070
9184,20,62606,6260914391070,0,626055912407,62600954,West,1,914391070
9185,20,62606,6260914392070,0,626055912407,62600954,West,1,914392070
9186,20,62606,6260914699070,0,626055912907,62600954,West,1,914699070
9187,20,62606,6260914701070,1,626055912407,62600957,East,1,914701070
9188,20,62606,6260914702070,0,626055912407,62600954,West,1,914702070
9189,20,62606,6260914703070,1,626055915907,62600957,East,1,914703070
9190,20,62606,6260914704070,0,626055915907,62600954,West,1,914704070
9191,20,62606,6260914706070,1,626055912907,62600957,East,1,914706070
9192,20,62606,6260916598010,1,626055925001,62600959,East,1,916598010
9193,20,62606,6260916600010,0,626055924901,62600949,West,1,916600010
9194,20,62606,6260916607010,0,626055925001,62600949,West,1,916607010
9195,20,62606,6260916643010,0,626055925401,62600949,West,1,916643010
9196,20,62606,6260916644010,1,626055925401,62600957,East,1,916644010
9197,20,62606,6260916646010,0,626055925401,62600954,West,1,916646010
9198,20,62607,6260914258070,0,626055913307,62600947,West,1,914258070
9199,20,62607,6260914265070,0,626055913207,62600947,West,1,914265070
9200,20,62607,6260914266070,1,626055913407,62600959,East,1,914266070
9201,20,62607,6260914270070,1,626055913207,62600959,East,1,914270070
9202,20,62607,6260914275070,1,626055913207,62600959,East,1,914275070
9203,20,62607,6260914286070,0,626055913407,62600947,West,1,914286070
9204,20,62607,6260914288070,1,626055913307,62600959,East,1,914288070
9205,20,62607,6260914306070,1,626055913407,62600959,East,1,914306070
9206,20,62607,6260914309070,0,626055913307,62600947,West,1,914309070
9207,20,62608,6260914164070,1,626055913007,62600956,East,1,914164070
9208,20,62608,6260914165070,0,626055913007,62600947,West,1,914165070
9209,20,62608,6260914166070,1,626055913007,62600959,East,1,914166070
9210,20,62608,6260914211070,1,636055913407,62600956,East,1,914211070
9211,20,62608,6260914212070,0,636055913407,62600947,West,1,914212070
9212,20,62608,6260914260070,1,626055915907,62600956,East,1,914260070
9213,20,62608,6260914311070,1,626055916707,62600956,East,1,914311070
9214,20,62608,6260914322070,0,626055916707,62600947,West,1,914322070
9215,20,62608,6260914323070,0,626055916707,62600947,West,1,914323070
9216,20,62608,6260914326070,1,626055916707,62600959,East,1,914326070
9217,20,62608,6260916605010,1,626055924901,62600959,East,1,916605010
9218,20,62608,6260916608010,1,626055924901,62600959,East,1,916608010
9219,20,62608,6260916610010,0,626055924901,62600947,West,1,916610010
9220,20,62608,6260916613010,0,626055925001,62600947,West,1,916613010
9221,20,62608,6260916617010,1,626055925001,62600959,East,1,916617010
9222,20,62608,6260916618010,0,626055925001,62600947,West,1,916618010
9223,20,62608,6260916639010,1,626055925401,62600959,East,1,916639010
9224,20,62608,6260916647010,0,626055925401,62600947,West,1,916647010
9225,20,62608,6260916648010,1,626055925401,62600959,East,1,916648010
9226,20,62609,6260910995020,0,626055899502,62600949,West,1,910995020
9227,20,62609,6260911402020,0,626055907602,62600949,West,1,911402020
9228,20,62609,6260911403020,1,626055907602,62600957,East,1,911403020
9229,20,62609,6260911404020,0,626055907602,62600954,West,1,911404020
9230,20,62609,6260911890020,0,626055898402,62600949,West,1,911890020
9231,20,62609,6260911891020,1,626055898402,62600959,East,1,911891020
9232,20,62609,6260916583010,0,626055924901,62600947,West,1,916583010
9233,20,62609,6260916584010,1,626055924901,62600959,East,1,916584010
9234,20,62609,6260916585010,0,626055924901,62600947,West,1,916585010
9235,20,62609,6260916586010,1,626055924901,62600957,East,1,916586010
9236,20,62609,6260916587010,1,626055924901,62600957,East,1,916587010
9237,20,62609,6260916588010,1,626055924901,62600957,East,1,916588010
9238,20,62609,6260916589010,0,636055924901,62600954,West,1,916589010
9239,20,62609,6260916590010,1,636055924901,62600957,East,1,916590010
9240,20,62609,6260916591010,0,636055924901,62600954,West,1,916591010
9241,20,62609,6260916592010,1,636055924901,62600957,East,1,916592010
9242,20,62609,6260916594010,0,636055924901,62600954,West,1,916594010
9243,20,62609,6260916595010,0,636055924901,62600954,West,1,916595010
9244,20,62609,6260916596010,1,636055924901,62600957,East,1,916596010
9245,20,62609,6260916601010,1,636055924901,62600957,East,1,916601010
9246,20,62609,6260916602010,0,636055924901,62600954,West,1,916602010
9247,20,62609,6260916603010,0,636055924901,62600954,West,1,916603010
9248,20,62609,6260916604010,1,636055924901,62600957,East,1,916604010
9249,20,62609,6260916606010,1,636055924901,62600956,East,1,916606010
9250,20,62609,6260916609010,0,636055924901,62600954,West,1,916609010
9251,20,62609,6260916611010,0,626055924901,62600954,West,1,916611010
9252,20,62609,6260916612010,0,626055924901,62600954,West,1,916612010
9253,20,62609,6260916614010,1,626055924901,62600957,East,1,916614010
9254,20,62609,6260916615010,0,626055924901,62600954,West,1,916615010
9255,20,62609,6260916616010,1,636055924901,62600957,East,1,916616010
9256,20,62609,6260916619010,1,626055925001,62600959,East,1,916619010
9257,20,62609,6260916620010,1,626055925001,62600957,East,1,916620010
9258,20,62609,6260916621010,0,626055925001,62600947,West,1,916621010
9259,20,62609,6260916622010,1,626055925001,62600957,East,1,916622010
9260,20,62609,6260916623010,0,626055925001,62600954,West,1,916623010
9261,20,62609,6260916624010,0,626055925001,62600954,West,1,916624010
9262,20,62609,6260916625010,1,626055925001,62600957,East,1,916625010
9263,20,62609,6260916626010,0,626055925001,62600954,West,1,916626010
9264,20,62609,6260916627010,1,626055925001,62600957,East,1,916627010
9265,20,62609,6260916628010,0,626055925001,62600954,West,1,916628010
9266,20,62609,6260916629010,0,636055925001,62600954,West,1,916629010
9267,20,62609,6260916630010,1,636055925001,62600957,East,1,916630010
9268,20,62609,6260916631010,0,636055925001,62600954,West,1,916631010
9269,20,62609,6260916632010,1,636055925001,62600957,East,1,916632010
9270,20,62609,6260916633010,1,636055925001,62600957,East,1,916633010
9271,20,62609,6260916634010,0,636055925001,62600954,West,1,916634010
9272,20,62609,6260916635010,1,636055925001,62600957,East,1,916635010
9273,20,62609,6260916636010,0,636055925001,62600954,West,1,916636010
9274,20,62609,6260916637010,1,636055925001,62600957,East,1,916637010
9275,20,62609,6260916640010,0,636055925001,62600954,West,1,916640010
9276,20,62609,6260916641010,1,636055925001,62600956,East,1,916641010
9277,20,62609,6260916645010,0,626055925401,62600947,West,1,916645010
9278,20,62609,6260916649010,0,626055925401,62600954,West,1,916649010
9279,20,62609,6260916650010,1,626055925401,62600959,East,1,916650010
9280,20,62609,6260916651010,0,626055925401,62600947,West,1,916651010
9281,20,62609,6260916652010,1,626055925401,62600957,East,1,916652010
9282,20,62609,6260916653010,1,626055925401,62600957,East,1,916653010
9283,20,62609,6260916654010,0,626055925401,62600954,West,1,916654010
9284,20,62609,6260916655010,1,626055925401,62600957,East,1,916655010
9285,20,62609,6260916656010,1,636055925401,62600957,East,1,916656010
9286,20,62609,6260916657010,0,626055925401,62600954,West,1,916657010
9287,20,62609,6260916658010,1,626055925401,62600957,East,1,916658010
9288,20,62609,6260916659010,0,636055925401,62600954,West,1,916659010
9289,20,62609,6260916660010,0,636055925401,62600954,West,1,916660010
9290,20,62609,6260916661010,1,636055925401,62600957,East,1,916661010
9291,20,62609,6260916662010,0,636055925401,62600954,West,1,916662010
9292,20,62609,6260916663010,1,636055925401,62600956,East,1,916663010
9293,20,62609,6260916665010,0,626055925101,62600954,West,1,916665010
9294,20,62609,6260916667010,0,626055925101,62600949,West,1,916667010
9295,20,62609,6260916668010,1,626055925101,62600957,East,1,916668010
9296,20,62609,6260916669010,1,626055925101,62600957,East,1,916669010
9297,20,62609,6260916670010,0,626055925101,62600954,West,1,916670010
9298,20,62609,6260916671010,1,626055925101,62600957,East,1,916671010
9299,20,62609,6260916672010,0,626055925101,62600954,West,1,916672010
9300,20,62609,6260916673010,0,626055925101,62600954,West,1,916673010
9301,20,62609,6260916674010,1,626055925101,62600957,East,1,916674010
9302,20,62609,6260916676010,0,626055925101,62600954,West,1,916676010
9303,20,62609,6260916677010,1,626055925101,62600957,East,1,916677010
9304,20,62609,6260916678010,1,626055925101,62600957,East,1,916678010
9305,20,62609,6260916679010,0,626055925101,62600954,West,1,916679010
9306,20,62609,6260916680010,1,626055925101,62600959,East,1,916680010
9307,20,62609,6260916684010,0,626055925201,62600949,West,1,916684010
9308,20,62609,6260916685010,0,626055925201,62600954,West,1,916685010
9309,20,62609,6260916686010,1,626055925201,62600957,East,1,916686010
9310,20,62609,6260916687010,0,626055925201,62600954,West,1,916687010
9311,20,62609,6260916688010,1,626055925201,62600957,East,1,916688010
9312,20,62609,6260916689010,1,626055925201,62600956,East,1,916689010
9313,20,62609,6260916692010,0,626055925301,62600949,West,1,916692010
9314,20,62609,6260916693010,1,626055925301,62600957,East,1,916693010
9315,20,62609,6260916694010,0,626055925301,62600954,West,1,916694010
9316,20,62609,6260916695010,1,626055925301,62600957,East,1,916695010
9317,20,62609,6260916696010,0,626055925301,62600954,West,1,916696010
9318,20,62609,6260916697010,1,626055925301,62600957,East,1,916697010
9319,20,62609,6260916698010,0,626055925301,62600954,West,1,916698010
9320,20,62609,6260916699010,1,626055925301,62600957,East,1,916699010
9321,20,62609,6260916700010,0,626055925301,62600954,West,1,916700010
9322,20,62609,6260916701010,0,626055925301,62600954,West,1,916701010
9323,20,62609,6260916702010,1,626055925301,62600957,East,1,916702010
9324,20,62609,6260916703010,0,626055925301,62600954,West,1,916703010
9325,20,62609,6260916704010,1,626055925301,62600957,East,1,916704010
9326,20,62609,6260916705010,1,626055925301,62600957,East,1,916705010
9327,20,62609,6260916706010,0,626055925301,62600954,West,1,916706010
9328,20,62609,6260916707010,1,626055925301,62600956,East,1,916707010
9329,20,62609,6260916708010,1,626055925501,62600957,East,1,916708010
9330,20,62609,6260916711010,0,626055925501,62600954,West,1,916711010
9331,20,62609,6260916712010,0,626055925501,62600949,West,1,916712010
9332,20,62609,6260916713010,0,626055925501,62600954,West,1,916713010
9333,20,62609,6260916714010,1,626055925501,62600957,East,1,916714010
9334,20,62609,6260916715010,1,626055925501,62600957,East,1,916715010
9335,20,62609,6260916716010,0,626055925501,62600954,West,1,916716010
9336,20,62609,6260916717010,0,626055925501,62600954,West,1,916717010
9337,20,62609,6260916718010,1,626055925501,62600957,East,1,916718010
9338,20,62609,6260916719010,0,626055925501,62600954,West,1,916719010
9339,20,62609,6260916720010,1,626055925501,62600957,East,1,916720010
9340,20,62609,6260916721010,0,626055925501,62600954,West,1,916721010
9341,20,62609,6260916722010,1,626055925501,62600957,East,1,916722010
9342,20,62609,6260916723010,0,626055925501,62600954,West,1,916723010
9343,20,62609,6260916724010,1,626055925501,62600957,East,1,916724010
9344,20,62609,6260916725010,1,626055925501,62600957,East,1,916725010
9345,20,62609,6260916726010,0,626055925501,62600954,West,1,916726010
9346,20,62609,6260916727010,1,626055925501,62600957,East,1,916727010
9347,20,62609,6260916728010,0,626055925501,62600954,West,1,916728010
9348,20,62609,6260916729010,1,626055925501,62600957,East,1,916729010
9349,20,62609,6260916730010,0,626055925501,62600954,West,1,916730010
9350,20,62609,6260916731010,1,626055925501,62600959,East,1,916731010
9351,20,62609,6260916737010,0,626055925601,62600954,West,1,916737010
9352,20,62609,6260916739010,0,626055925601,62600949,West,1,916739010
9353,20,62609,6260916740010,1,626055925601,62600957,East,1,916740010
9354,20,62609,6260916741010,1,626055925601,62600957,East,1,916741010
9355,20,62609,6260916742010,0,626055925601,62600954,West,1,916742010
9356,20,62609,6260916743010,0,626055925601,62600954,West,1,916743010
9357,20,62609,6260916744010,1,626055925601,62600957,East,1,916744010
9358,20,62609,6260916745010,0,626055925601,62600954,West,1,916745010
9359,20,62609,6260916746010,1,626055925601,62600957,East,1,916746010
9360,20,62609,6260916747010,0,626055925601,62600954,West,1,916747010
9361,20,62609,6260916748010,1,626055925601,62600957,East,1,916748010
9362,20,62609,6260916749010,0,626055925601,62600954,West,1,916749010
9363,20,62609,6260916750010,1,626055925601,62600957,East,1,916750010
9364,20,62609,6260916751010,1,626055925601,62600957,East,1,916751010
9365,20,62609,6260916752010,0,626055925601,62600954,West,1,916752010
9366,20,62609,6260916754010,1,626055925601,62600957,East,1,916754010
9367,20,62609,6260916755010,0,626055925601,62600954,West,1,916755010
9368,20,62609,6260916756010,1,626055925601,62600956,East,1,916756010
9369,20,62609,6260916757010,0,626055925701,62600954,West,1,916757010
9370,20,62609,6260916759010,0,626055925701,62600949,West,1,916759010
9371,20,62609,6260916760010,1,626055925701,62600957,East,1,916760010
9372,20,62609,6260916761010,1,626055925701,62600957,East,1,916761010
9373,20,62609,6260916762010,0,626055925701,62600954,West,1,916762010
9374,20,62609,6260916763010,1,626055925701,62600957,East,1,916763010
9375,20,62609,6260916764010,0,626055925701,62600954,West,1,916764010
9376,20,62609,6260916765010,1,626055925701,62600957,East,1,916765010
9377,20,62609,6260916766010,0,626055925701,62600954,West,1,916766010
9378,20,62609,6260916767010,1,626055925701,62600957,East,1,916767010
9379,20,62609,6260916768010,0,626055925701,62600954,West,1,916768010
9380,20,62609,6260916769010,1,626055925701,62600957,East,1,916769010
9381,20,62609,6260916770010,0,626055925701,62600954,West,1,916770010
9382,20,62609,6260916771010,1,626055925701,62600957,East,1,916771010
9383,20,62609,6260916772010,0,626055925701,62600954,West,1,916772010
9384,20,62609,6260916773010,0,626055925701,62600954,West,1,916773010
9385,20,62609,6260916774010,1,626055925701,62600957,East,1,916774010
9386,20,62609,6260916775010,0,626055925701,62600954,West,1,916775010
9387,20,62609,6260916776010,1,626055925701,62600957,East,1,916776010
9388,20,62609,6260916777010,0,626055925801,62600949,West,1,916777010
9389,20,62609,6260916781010,1,626055925801,62600957,East,1,916781010
9390,20,62609,6260916782010,0,626055925801,62600954,West,1,916782010
9391,20,62609,6260916783010,1,626055925801,62600957,East,1,916783010
9392,20,62609,6260916784010,0,626055925801,62600954,West,1,916784010
9393,20,62609,6260916785010,1,626055925801,62600957,East,1,916785010
9394,20,62609,6260916786010,0,626055925801,62600954,West,1,916786010
9395,20,62609,6260916787010,1,626055925801,62600957,East,1,916787010
9396,20,62609,6260916788010,0,626055925801,62600954,West,1,916788010
9397,20,62609,6260916789010,0,626055925801,62600954,West,1,916789010
9398,20,62609,6260916790010,1,626055925801,62600957,East,1,916790010
9399,20,62609,6260916791010,0,626055925801,62600954,West,1,916791010
9400,20,62609,6260916792010,1,626055925801,62600957,East,1,916792010
9401,20,62609,6260916793010,0,626055925801,62600954,West,1,916793010
9402,20,62609,6260916794010,1,626055925801,62600957,East,1,916794010
9403,20,62609,6260916795010,0,626055925801,62600954,West,1,916795010
9404,20,62609,6260916796010,1,626055925801,62600957,East,1,916796010
9405,20,62609,6260916797010,1,626055925801,62600957,East,1,916797010
9406,20,62609,6260916798010,0,626055925801,62600954,West,1,916798010
9407,20,62609,6260916799010,1,626055925801,62600957,East,1,916799010
9408,20,62609,6260916801010,0,626055925801,62600954,West,1,916801010
9409,20,62612,6260911229020,0,626055908102,62600947,West,1,911229020
9410,20,62612,6260911231020,0,626055908102,62600947,West,1,911231020
9411,20,62612,6260911233020,1,626055908102,62600959,East,1,911233020
9412,20,62612,6260911234020,1,626055908102,62600956,East,1,911234020
9413,20,62612,6260911258020,1,626055907802,62600956,East,1,911258020
9414,20,62612,6260911332020,0,626055897302,62600947,West,1,911332020
9415,20,62612,6260911336020,1,626055897302,62600959,East,1,911336020
9416,20,62612,6260911337020,1,626055897302,62600956,East,1,911337020
9417,20,62612,6260911874020,0,626055898602,62600947,West,1,911874020
9418,20,62612,6260911875020,1,626055898602,62600956,East,1,911875020
9419,20,62615,6260910997020,1,626055899502,62600959,East,1,910997020
9420,20,62615,6260910998020,1,626055899502,62600959,East,1,910998020
9421,20,62615,6260910999020,0,626055899502,62600947,West,1,910999020
9422,20,62615,6260911405020,1,626055907602,62600959,East,1,911405020
9423,20,62615,6260911406020,0,626055907602,62600947,West,1,911406020
9424,20,62615,6260911407020,1,626055907602,62600959,East,1,911407020
9425,20,62615,6260911894020,0,626055898402,62600947,West,1,911894020
9426,20,62615,6260911896020,0,626055898402,62600947,West,1,911896020
9427,20,62615,6260911897020,1,626055898402,62600959,East,1,911897020
9428,20,62615,6260916675010,1,626055925101,62600956,East,1,916675010
9429,20,62615,6260916682010,0,626055925101,62600947,West,1,916682010
9430,20,62615,6260916732010,0,626055925501,62600947,West,1,916732010
9431,20,62615,6260916733010,1,626055925501,62600959,East,1,916733010
9432,20,62615,6260916734010,0,626055925501,62600947,West,1,916734010
9433,20,62615,6260916735010,1,626055925501,62600956,East,1,916735010
9434,20,62615,6260916778010,1,626055925701,62600956,East,1,916778010
9435,20,62615,6260916800010,1,626055925801,62600956,East,1,916800010
9436,20,62615,6260916802010,1,626055925801,62600959,East,1,916802010
9437,20,62615,6260916803010,0,626055925801,62600947,West,1,916803010
