route_id,service_id,trip_id,direction_id,block_id,shape_id,direction,wheelchair_accessible,schd_trip_id
81,64601,6460000054020,0,646000001631,64616551,West,1,54020
81,64601,6460000279020,0,646000001858,64616551,West,1,279020
81,64601,6460000443020,1,646000001593,64616550,East,1,443020
81,64601,6460000597020,1,646000001595,64616550,East,1,597020
81,64601,6460000688020,0,646000001627,64616551,West,1,688020
81,64601,6460000715020,0,646000001591,64616551,West,1,715020
81,64601,6460000921020,0,646000001631,64616551,West,1,921020
81,64601,6460001008020,0,646000001591,64616551,West,1,1008020
81,64601,6460001177020,0,646000001629,64616551,West,1,1177020
81,64601,6460001212020,1,646000001591,64616550,East,1,1212020
81,64601,6460001251020,0,646000001624,64616551,West,1,1251020
81,64601,6460001470020,1,646000001625,64616550,East,1,1470020
81,64601,6460001783020,1,646000001632,64616550,East,1,1783020
81,64601,6460001947020,1,646000001591,64616550,East,1,1947020
81,64601,6460002087020,1,646000001637,64616550,East,1,2087020
81,64601,6460002181020,0,646000001631,64616551,West,1,2181020
81,64601,6460002376020,1,646000001629,64616550,East,1,2376020
81,64601,6460002409020,0,646000001629,64616551,West,1,2409020
81,64601,6460002573020,1,646000001592,64616550,East,1,2573020
81,64601,6460002686020,1,646000001628,64616550,East,1,2686020
81,64601,6460002988020,0,646000001628,64616551,West,1,2988020
81,64601,6460003667020,1,646000001625,64616550,East,1,3667020
81,64601,6460003900020,1,646000001624,64616550,East,1,3900020
81,64601,6460004035020,0,646000001591,64616551,West,1,4035020
81,64601,6460004234020,1,646000001631,64616550,East,1,4234020
81,64601,6460004396020,0,646000001628,64616551,West,1,4396020
81,64601,6460004599020,1,646000001632,64616550,East,1,4599020
81,64601,6460004746020,0,646000001594,64616551,West,1,4746020
81,64601,6460005129020,1,646000001626,64616550,East,1,5129020
81,64601,6460005143020,0,646000001595,64616551,West,1,5143020
81,64601,6460005183020,1,646000001631,64616550,East,1,5183020
81,64601,6460005210020,0,646000001637,64616551,West,1,5210020
81,64601,6460005216020,1,646000001624,64616550,East,1,5216020
81,64601,6460005589020,0,646000001627,64616551,West,1,5589020
81,64601,6460006210020,1,646000001627,64616550,East,1,6210020
81,64601,6460006224020,0,646000001595,64616551,West,1,6224020
81,64601,6460006756020,0,646000001625,64616551,West,1,6756020
81,64601,6460006867020,0,646000001595,64616551,West,1,6867020
81,64601,6460007027020,0,646000001632,64616551,West,1,7027020
81,64601,6460007215020,0,646000001858,64616551,West,1,7215020
81,64601,6460007224020,0,646000001625,64616551,West,1,7224020
81,64601,6460007490020,1,646000001633,64616550,East,1,7490020
81,64601,6460007936020,0,646000001632,64616551,West,1,7936020
81,64601,6460008229020,1,646000001627,64616550,East,1,8229020
81,64601,6460008242020,1,646000001592,64616550,East,1,8242020
81,64601,6460008247020,1,646000001595,64616550,East,1,8247020
81,64601,6460008272020,1,646000001624,64616550,East,1,8272020
81,64601,6460008311020,0,646000001594,64616551,West,1,8311020
81,64601,6460008479020,0,646000001634,64616551,West,1,8479020
81,64601,6460008607020,1,646000001631,64616550,East,1,8607020
81,64601,6460008644020,1,646000001631,64616550,East,1,8644020
81,64601,6460008872020,1,646000001595,64616550,East,1,8872020
81,64601,6460008974020,0,646000001592,64616551,West,1,8974020
81,64601,6460009400020,0,646000001591,64616551,West,1,9400020
81,64601,6460009499020,0,646000001627,64616551,West,1,9499020
81,64601,6460009537020,0,646000001858,64616551,West,1,9537020
81,64601,6460009596020,0,646000001595,64616551,West,1,9596020
81,64601,6460009692020,1,646000001624,64616550,East,1,9692020
81,64601,6460009872020,1,646000001858,64616550,East,1,9872020
81,64601,6460010278020,1,646000001629,64616550,East,1,10278020
81,64601,6460010663020,1,646000001634,64616550,East,1,10663020
81,64601,6460011576020,1,646000001625,64616550,East,1,11576020
81,64601,6460011820020,0,646000001592,64616551,West,1,11820020
81,64601,6460011885020,1,646000001858,64616550,East,1,11885020
81,64601,6460011953020,1,646000001628,64616550,East,1,11953020
81,64601,6460012615020,0,646000001631,64616551,West,1,12615020
81,64601,6460012795020,0,646000001625,64616551,West,1,12795020
81,64601,6460012808020,0,646000001629,64616551,West,1,12808020
81,64601,6460012830020,1,646000001637,64616550,East,1,12830020
81,64601,6460013066020,0,646000001627,64616551,West,1,13066020
81,64601,6460013202020,0,646000001637,64616551,West,1,13202020
81,64601,6460013276020,0,646000001631,64616551,West,1,13276020
81,64601,6460013742020,1,646000001628,64616550,East,1,13742020
81,64601,6460013743020,0,646000001592,64616551,West,1,13743020
81,64601,6460014145020,0,646000001592,64616551,West,1,14145020
81,64601,6460014323020,1,646000001626,64616550,East,1,14323020
81,64601,6460014737020,1,646000001631,64616550,East,1,14737020
81,64601,6460014775020,1,646000001627,64616550,East,1,14775020
81,64601,6460015031020,0,646000001633,64616551,West,1,15031020
81,64601,6460015101020,0,646000001625,64616551,West,1,15101020
81,64601,6460015327020,0,646000001629,64616551,West,1,15327020
81,64601,6460015524020,1,646000001625,64616550,East,1,15524020
81,64601,6460015587020,0,646000001631,64616551,West,1,15587020
81,64601,6460015998020,1,646000001627,64616550,East,1,15998020
81,64601,6460016366020,0,646000001631,64616551,West,1,16366020
81,64601,6460016632020,0,646000001627,64616551,West,1,16632020
81,64601,6460016686020,0,646000001595,64616551,West,1,16686020
81,64601,6460016741020,1,646000001627,64616550,East,1,16741020
81,64601,6460017151020,1,646000001634,64616550,East,1,17151020
81,64601,6460018131020,0,646000001625,64616551,West,1,18131020
81,64601,6460018140020,0,646000001628,64616551,West,1,18140020
81,64601,6460018433020,1,646000001858,64616550,East,1,18433020
81,64601,6460018842020,0,646000001627,64616551,West,1,18842020
81,64601,6460018918020,1,646000001629,64616550,East,1,18918020
81,64601,6460019005020,0,646000001592,64616551,West,1,19005020
81,64601,6460019555020,1,646000001625,64616550,East,1,19555020
81,64601,6460019713020,0,646000001625,64616551,West,1,19713020
81,64601,6460020101020,1,646000001858,64616550,East,1,20101020
81,64601,6460020152020,0,646000001628,64616551,West,1,20152020
81,64601,6460020477020,0,646000001858,64616551,West,1,20477020
81,64601,6460020920020,1,646000001631,64616550,East,1,20920020
81,64601,6460021081020,1,646000001637,64616550,East,1,21081020
81,64601,6460021250020,1,646000001636,64616550,East,1,21250020
81,64601,6460021268020,1,646000001625,64616550,East,1,21268020
81,64601,6460021274020,1,646000001629,64616550,East,1,21274020
81,64601,6460021734020,0,646000001631,64616551,West,1,21734020
81,64601,6460021857020,1,646000001592,64616550,East,1,21857020
81,64601,6460021876020,1,646000001632,64616550,East,1,21876020
81,64601,6460022112020,1,646000001858,64616550,East,1,22112020
81,64601,6460022163020,0,646000001635,64616551,West,1,22163020
81,64601,6460022229020,1,646000001628,64616550,East,1,22229020
81,64601,6460022515020,1,646000001634,64616550,East,1,22515020
81,64601,6460022589020,1,646000001625,64616550,East,1,22589020
81,64601,6460022632020,0,646000001631,64616551,West,1,22632020
81,64601,6460022658020,1,646000001632,64616550,East,1,22658020
81,64601,6460022837020,1,646000001858,64616550,East,1,22837020
81,64601,6460022922020,1,646000001635,64616550,East,1,22922020
81,64601,6460022958020,0,646000001636,64616551,West,1,22958020
81,64601,6460022997020,1,646000001625,64616550,East,1,22997020
81,64601,6460023059020,1,646000001624,64616550,East,1,23059020
81,64601,6460023152020,0,646000001629,64616551,West,1,23152020
81,64601,6460023613020,0,646000001625,64616551,West,1,23613020
81,64601,6460023677020,1,646000001627,64616550,East,1,23677020
81,64601,6460023727020,1,646000001624,64616550,East,1,23727020
81,64601,6460023957020,1,646000001591,64616550,East,1,23957020
81,64601,6460024023020,1,646000001631,64616550,East,1,24023020
81,64601,6460024148020,1,646000001632,64616550,East,1,24148020
81,64601,6460024150020,0,646000001592,64616551,West,1,24150020
81,64601,6460024201020,0,646000001627,64616551,West,1,24201020
81,64601,6460024384020,0,646000001858,64616551,West,1,24384020
81,64601,6460024426020,1,646000001594,64616550,East,1,24426020
81,64601,6460024568020,0,646000001632,64616551,West,1,24568020
81,64601,6460024660020,1,646000001631,64616550,East,1,24660020
81,64601,6460024771020,1,646000001595,64616550,East,1,24771020
81,64601,6460024912020,1,646000001632,64616550,East,1,24912020
81,64601,6460024966020,1,646000001631,64616550,East,1,24966020
81,64601,6460025313020,1,646000001592,64616550,East,1,25313020
81,64601,6460026207020,0,646000001634,64616551,West,1,26207020
81,64601,6460026361020,0,646000001629,64616551,West,1,26361020
81,64601,6460026531020,1,646000001625,64616550,East,1,26531020
81,64601,6460026653020,0,646000001632,64616551,West,1,26653020
81,64601,6460026718020,1,646000001591,64616550,East,1,26718020
81,64601,6460026964020,0,646000001631,64616551,West,1,26964020
81,64601,6460027030020,0,646000001624,64616551,West,1,27030020
81,64601,6460027426020,0,646000001634,64616551,West,1,27426020
81,64601,6460027451020,1,646000001627,64616550,East,1,27451020
81,64601,6460027551020,0,646000001626,64616551,West,1,27551020
81,64601,6460027604020,1,646000001634,64616550,East,1,27604020
81,64601,6460028079020,1,646000001635,64616550,East,1,28079020
81,64601,6460028229020,0,646000001858,64616551,West,1,28229020
81,64601,6460028311020,1,646000001637,64616550,East,1,28311020
81,64601,6460028394020,1,646000001625,64616550,East,1,28394020
81,64601,6460028524020,0,646000001627,64616551,West,1,28524020
81,64601,6460028804020,0,646000001595,64616551,West,1,28804020
81,64601,6460029604020,1,646000001595,64616550,East,1,29604020
81,64601,6460030303020,0,646000001628,64616551,West,1,30303020
81,64601,6460030459020,1,646000001858,64616550,East,1,30459020
81,64601,6460031016020,0,646000001625,64616551,West,1,31016020
81,64601,6460031802020,1,646000001592,64616550,East,1,31802020
81,64601,6460031920020,1,646000001629,64616550,East,1,31920020
81,64601,6460032066020,0,646000001624,64616551,West,1,32066020
81,64601,6460032239020,0,646000001595,64616551,West,1,32239020
81,64601,6460032416020,0,646000001858,64616551,West,1,32416020
81,64601,6460032756020,0,646000001594,64616551,West,1,32756020
81,64601,6460033765020,0,646000001595,64616551,West,1,33765020
81,64601,6460033769020,0,646000001626,64616551,West,1,33769020
81,64601,6460033802020,1,646000001627,64616550,East,1,33802020
81,64601,6460033892020,0,646000001631,64616551,West,1,33892020
81,64601,6460034268020,1,646000001595,64616550,East,1,34268020
81,64601,6460034695020,1,646000001632,64616550,East,1,34695020
81,64601,6460035158020,1,646000001594,64616550,East,1,35158020
81,64601,6460035244020,0,646000001627,64616551,West,1,35244020
81,64601,6460035270020,1,646000001631,64616550,East,1,35270020
81,64601,6460035536020,0,646000001626,64616551,West,1,35536020
81,64601,6460035580020,1,646000001628,64616550,East,1,35580020
81,64601,6460035935020,1,646000001628,64616550,East,1,35935020
81,64601,6460036436020,0,646000001592,64616551,West,1,36436020
81,64601,6460036462020,1,646000001627,64616550,East,1,36462020
81,64601,6460036505020,1,646000001629,64616550,East,1,36505020
81,64601,6460036585020,0,646000001635,64616551,West,1,36585020
81,64601,6460037055020,0,646000001628,64616551,West,1,37055020
81,64601,6460037206020,0,646000001628,64616551,West,1,37206020
81,64601,6460037404020,1,646000001628,64616550,East,1,37404020
81,64601,6460037803020,0,646000001624,64616551,West,1,37803020
81,64601,6460037861020,0,646000001627,64616551,West,1,37861020
81,64601,6460037956020,1,646000001627,64616550,East,1,37956020
81,64601,6460037966020,0,646000001632,64616551,West,1,37966020
81,64601,6460038443020,0,646000001633,64616551,West,1,38443020
81,64601,6460039722020,0,646000001593,64616551,West,1,39722020
81,64601,6460039986020,0,646000001635,64616551,West,1,39986020
81,64601,6460040540020,1,646000001594,64616550,East,1,40540020
81,64601,6460040615020,1,646000001626,64616550,East,1,40615020
81,64601,6460040807020,0,646000001858,64616551,West,1,40807020
81,64601,6460041017020,1,646000001591,64616550,East,1,41017020
81,64601,6460041157020,0,646000001591,64616551,West,1,41157020
81,64601,6460041427020,0,646000001624,64616551,West,1,41427020
81,64601,6460041806020,1,646000001592,64616550,East,1,41806020
81,64601,6460042307020,1,646000001629,64616550,East,1,42307020
81,64601,6460042600020,0,646000001624,64616551,West,1,42600020
81,64601,6460042874020,0,646000001624,64616551,West,1,42874020
81,64601,6460043001020,0,646000001632,64616551,West,1,43001020
81,64601,6460043139020,1,646000001858,64616550,East,1,43139020
81,64601,6460043288020,1,646000001632,64616550,East,1,43288020
81,64601,6460043458020,1,646000001592,64616550,East,1,43458020
81,64601,6460043588020,0,646000001632,64616551,West,1,43588020
81,64601,6460043919020,0,646000001625,64616551,West,1,43919020
81,64601,6460044156020,1,646000001593,64616550,East,1,44156020
81,64601,6460044703020,0,646000001593,64616551,West,1,44703020
81,64601,6460045042020,0,646000001629,64616551,West,1,45042020
81,64601,6460045360020,1,646000001624,64616550,East,1,45360020
81,64601,6460045471020,0,646000001625,64616551,West,1,45471020
81,64601,6460045862020,0,646000001634,64616551,West,1,45862020
81,64601,6460045945020,0,646000001627,64616551,West,1,45945020
81,64601,6460046013020,0,646000001637,64616551,West,1,46013020
81,64601,6460046282020,1,646000001635,64616550,East,1,46282020
81,64601,6460046852020,1,646000001631,64616550,East,1,46852020
81,64601,6460046856020,1,646000001595,64616550,East,1,46856020
81,64601,6460047292020,0,646000001632,64616551,West,1,47292020
81,64601,6460047355020,1,646000001627,64616550,East,1,47355020
81,64601,6460047516020,1,646000001595,64616550,East,1,47516020
81,64601,6460047674020,1,646000001629,64616550,East,1,47674020
81,64601,6460048453020,1,646000001627,64616550,East,1,48453020
81,64601,6460048471020,0,646000001637,64616551,West,1,48471020
81,64601,6460048594020,0,646000001629,64616551,West,1,48594020
81,64602,6460000737030,0,646000001045,64616551,West,1,737030
81,64602,6460008033030,1,646000001046,64616550,East,1,8033030
81,64602,6460018997030,0,646000001046,64616551,West,1,18997030
81,64602,6460022155030,0,646000001046,64616551,West,1,22155030
81,64602,6460024089030,0,646000001046,64616551,West,1,24089030
81,64602,6460036446030,1,646000001045,64616550,East,1,36446030
81,64602,6460037391030,0,646000001045,64616551,West,1,37391030
81,64602,6460040787030,1,646000001045,64616550,East,1,40787030
81,64602,6460045605030,1,646000001045,64616550,East,1,45605030
81,64602,6460046417030,1,646000001046,64616550,East,1,46417030
81,64602,6460046907030,1,646000001046,64616550,East,1,46907030
81,64604,6460008396030,1,646000001045,64616550,East,1,8396030
81,64604,6460012915030,0,646000001045,64616551,West,1,12915030
81,64604,6460014116030,1,646000001045,64616550,East,1,14116030
81,64604,6460017727030,0,646000001046,64616551,West,1,17727030
81,64604,6460018856030,1,646000001046,64616550,East,1,18856030
81,64604,6460021583030,0,646000001046,64616551,West,1,21583030
81,64604,6460041203030,1,646000001046,64616550,East,1,41203030
81,64604,6460045869030,0,646000001045,64616551,West,1,45869030
81,64605,6460001827070,0,646000000242,64616551,West,1,1827070
81,64605,6460003757070,1,646000000242,64616550,East,1,3757070
81,64605,6460004212070,1,646000000243,64616550,East,1,4212070
81,64605,6460009056070,0,646000000243,64616551,West,1,9056070
81,64605,6460010397070,1,646000000243,64616550,East,1,10397070
81,64605,6460020616070,0,646000000243,64616551,West,1,20616070
81,64605,6460022469070,0,646000000243,64616551,West,1,22469070
81,64605,6460031370070,1,646000000242,64616550,East,1,31370070
81,64605,6460039274070,0,646000000242,64616551,West,1,39274070
81,64605,6460045065070,1,646000000243,64616550,East,1,45065070
81,64605,6460045096070,1,646000000242,64616550,East,1,45096070
81,64606,6460000151070,1,646000000242,64616550,East,1,151070
81,64606,6460000321070,0,646000000158,64616551,West,1,321070
81,64606,6460000726070,1,646000000225,64616550,East,1,726070
81,64606,6460000778070,1,646000000226,64616550,East,1,778070
81,64606,6460001197070,0,646000000227,64616551,West,1,1197070
81,64606,6460001269070,0,646000000158,64616551,West,1,1269070
81,64606,6460001522070,0,646000000225,64616551,West,1,1522070
81,64606,6460001731070,0,646000000227,64616551,West,1,1731070
81,64606,6460002032070,1,646000000220,64616550,East,1,2032070
81,64606,6460002317070,1,646000000227,64616550,East,1,2317070
81,64606,6460002795070,1,646000000225,64616550,East,1,2795070
81,64606,6460002839070,1,646000000226,64616550,East,1,2839070
81,64606,6460003004070,1,646000000227,64616550,East,1,3004070
81,64606,6460003460070,1,646000000219,64616550,East,1,3460070
81,64606,6460003478070,1,646000000159,64616550,East,1,3478070
81,64606,6460003748070,1,646000000224,64616550,East,1,3748070
81,64606,6460004002070,0,646000000221,64616551,West,1,4002070
81,64606,6460004114070,1,646000000243,64616550,East,1,4114070
81,64606,6460004174070,1,646000000158,64616550,East,1,4174070
81,64606,6460004220070,1,646000000223,64616550,East,1,4220070
81,64606,6460004701070,0,646000000226,64616551,West,1,4701070
81,64606,6460004793070,1,646000000225,64616550,East,1,4793070
81,64606,6460005361070,1,646000000219,64616550,East,1,5361070
81,64606,6460005472070,0,646000000258,64616551,West,1,5472070
81,64606,6460005559070,1,646000000225,64616550,East,1,5559070
81,64606,6460005661070,0,646000000224,64616551,West,1,5661070
81,64606,6460005704070,1,646000000221,64616550,East,1,5704070
81,64606,6460005819070,1,646000000194,64616550,East,1,5819070
81,64606,6460005977070,0,646000000194,64616551,West,1,5977070
81,64606,6460006072070,1,646000000226,64616550,East,1,6072070
81,64606,6460006093070,0,646000000226,64616551,West,1,6093070
81,64606,6460006280070,1,646000000219,64616550,East,1,6280070
81,64606,6460006346070,0,646000000223,64616551,West,1,6346070
81,64606,6460006782070,0,646000000225,64616551,West,1,6782070
81,64606,6460007164070,0,646000000258,64616551,West,1,7164070
81,64606,6460007172070,1,646000000158,64616550,East,1,7172070
81,64606,6460007340070,0,646000000158,64616551,West,1,7340070
81,64606,6460008252070,0,646000000221,64616551,West,1,8252070
81,64606,6460008282070,1,646000000227,64616550,East,1,8282070
81,64606,6460008377070,1,646000000224,64616550,East,1,8377070
81,64606,6460008760070,0,646000000196,64616551,West,1,8760070
81,64606,6460008859010,0,646000003521,64616551,West,1,8859010
81,64606,6460008927070,1,646000000223,64616550,East,1,8927070
81,64606,6460009559070,0,646000000221,64616551,West,1,9559070
81,64606,6460009693070,0,646000000223,64616551,West,1,9693070
81,64606,6460009983070,0,646000000226,64616551,West,1,9983070
81,64606,6460010332070,0,646000000221,64616551,West,1,10332070
81,64606,6460010858070,0,646000000194,64616551,West,1,10858070
81,64606,6460011101070,1,646000000221,64616550,East,1,11101070
81,64606,6460011185070,1,646000000226,64616550,East,1,11185070
81,64606,6460012324070,0,646000000226,64616551,West,1,12324070
81,64606,6460012433070,1,646000000242,64616550,East,1,12433070
81,64606,6460012729070,0,646000000194,64616551,West,1,12729070
81,64606,6460012810070,0,646000000226,64616551,West,1,12810070
81,64606,6460012813070,1,646000000226,64616550,East,1,12813070
81,64606,6460013150070,0,646000000194,64616551,West,1,13150070
81,64606,6460013777070,1,646000000221,64616550,East,1,13777070
81,64606,6460013854070,0,646000000242,64616551,West,1,13854070
81,64606,6460013976070,1,646000000220,64616550,East,1,13976070
81,64606,6460015208070,1,646000000221,64616550,East,1,15208070
81,64606,6460015440070,1,646000000221,64616550,East,1,15440070
81,64606,6460016002070,1,646000000221,64616550,East,1,16002070
81,64606,6460016078070,1,646000000258,64616550,East,1,16078070
81,64606,6460016104070,1,646000000196,64616550,East,1,16104070
81,64606,6460016835070,1,646000000226,64616550,East,1,16835070
81,64606,6460017253070,0,646000000196,64616551,West,1,17253070
81,64606,6460017689070,1,646000000194,64616550,East,1,17689070
81,64606,6460017726070,1,646000000223,64616550,East,1,17726070
81,64606,6460017860070,1,646000000159,64616550,East,1,17860070
81,64606,6460018023070,1,646000000225,64616550,East,1,18023070
81,64606,6460018039070,1,646000000223,64616550,East,1,18039070
81,64606,6460018068070,1,646000000227,64616550,East,1,18068070
81,64606,6460018088070,0,646000000194,64616551,West,1,18088070
81,64606,6460018244070,0,646000000196,64616551,West,1,18244070
81,64606,6460018653070,1,646000000194,64616550,East,1,18653070
81,64606,6460020576070,1,646000000224,64616550,East,1,20576070
81,64606,6460020765070,0,646000000225,64616551,West,1,20765070
81,64606,6460020913070,0,646000000219,64616551,West,1,20913070
81,64606,6460020973070,0,646000000220,64616551,West,1,20973070
81,64606,6460021034070,1,646000000194,64616550,East,1,21034070
81,64606,6460021148070,0,646000000221,64616551,West,1,21148070
81,64606,6460021203070,0,646000000223,64616551,West,1,21203070
81,64606,6460021396070,1,646000000226,64616550,East,1,21396070
81,64606,6460021414070,1,646000000225,64616550,East,1,21414070
81,64606,6460021716070,1,646000000225,64616550,East,1,21716070
81,64606,6460021736070,1,646000000194,64616550,East,1,21736070
81,64606,6460021818070,1,646000000227,64616550,East,1,21818070
81,64606,6460021862070,0,646000000226,64616551,West,1,21862070
81,64606,6460021925070,0,646000000225,64616551,West,1,21925070
81,64606,6460022023070,1,646000000221,64616550,East,1,22023070
81,64606,6460022301070,1,646000000258,64616550,East,1,22301070
81,64606,6460022323070,0,646000000224,64616551,West,1,22323070
81,64606,6460022643070,0,646000000225,64616551,West,1,22643070
81,64606,6460022845070,0,646000000242,64616551,West,1,22845070
81,64606,6460023397070,0,646000000227,64616551,West,1,23397070
81,64606,6460023826070,0,646000000221,64616551,West,1,23826070
81,64606,6460024157070,1,646000000226,64616550,East,1,24157070
81,64606,6460024289070,0,646000000227,64616551,West,1,24289070
81,64606,6460024382070,0,646000000227,64616551,West,1,24382070
81,64606,6460024882070,0,646000000258,64616551,West,1,24882070
81,64606,6460025162070,1,646000000223,64616550,East,1,25162070
81,64606,6460025558070,1,646000000225,64616550,East,1,25558070
81,64606,6460025585070,0,646000000219,64616551,West,1,25585070
81,64606,6460025672070,0,646000000221,64616551,West,1,25672070
81,64606,6460025727070,1,646000000220,64616550,East,1,25727070
81,64606,6460026034070,1,646000000227,64616550,East,1,26034070
81,64606,6460026506070,0,646000000225,64616551,West,1,26506070
81,64606,6460026627070,1,646000000194,64616550,East,1,26627070
81,64606,6460026672070,1,646000000221,64616550,East,1,26672070
81,64606,6460027222070,1,646000000226,64616550,East,1,27222070
81,64606,6460027607070,0,646000000158,64616551,West,1,27607070
81,64606,6460027609070,0,646000000194,64616551,West,1,27609070
81,64606,6460027970070,1,646000000159,64616550,East,1,27970070
81,64606,6460028133070,1,646000000258,64616550,East,1,28133070
81,64606,6460028456070,0,646000000227,64616551,West,1,28456070
81,64606,6460028515070,1,646000000196,64616550,East,1,28515070
81,64606,6460028671070,1,646000000194,64616550,East,1,28671070
81,64606,6460028845010,1,646000003521,64616550,East,1,28845010
81,64606,6460029217070,0,646000000220,64616551,West,1,29217070
81,64606,6460029367070,1,646000000158,64616550,East,1,29367070
81,64606,6460030035070,0,646000000225,64616551,West,1,30035070
81,64606,6460030174070,0,646000000227,64616551,West,1,30174070
81,64606,6460031024070,1,646000000196,64616550,East,1,31024070
81,64606,6460031151070,0,646000000159,64616551,West,1,31151070
81,64606,6460031817070,0,646000000226,64616551,West,1,31817070
81,64606,6460032164070,1,646000000258,64616550,East,1,32164070
81,64606,6460032186070,0,646000000159,64616551,West,1,32186070
81,64606,6460032343070,1,646000000258,64616550,East,1,32343070
81,64606,6460032601070,0,646000000223,64616551,West,1,32601070
81,64606,6460032726070,0,646000000223,64616551,West,1,32726070
81,64606,6460032822070,1,646000000159,64616550,East,1,32822070
81,64606,6460032941070,0,646000000225,64616551,West,1,32941070
81,64606,6460033500070,1,646000000220,64616550,East,1,33500070
81,64606,6460033603070,0,646000000243,64616551,West,1,33603070
81,64606,6460033745070,1,646000000227,64616550,East,1,33745070
81,64606,6460034015010,0,646000003539,64616551,West,1,34015010
81,64606,6460034157070,0,646000000223,64616551,West,1,34157070
81,64606,6460034493070,0,646000000227,64616551,West,1,34493070
81,64606,6460034521070,0,646000000194,64616551,West,1,34521070
81,64606,6460034935070,0,646000000194,64616551,West,1,34935070
81,64606,6460035408070,0,646000000194,64616551,West,1,35408070
81,64606,6460035434070,1,646000000225,64616550,East,1,35434070
81,64606,6460035791070,1,646000000158,64616550,East,1,35791070
81,64606,6460035843070,0,646000000221,64616551,West,1,35843070
81,64606,6460036340070,0,646000000224,64616551,West,1,36340070
81,64606,6460036722010,1,646000003539,64616550,East,1,36722010
81,64606,6460036818070,0,646000000225,64616551,West,1,36818070
81,64606,6460036977070,0,646000000196,64616551,West,1,36977070
81,64606,6460037482070,1,646000000219,64616550,East,1,37482070
81,64606,6460037685070,1,646000000194,64616550,East,1,37685070
81,64606,6460037844070,1,646000000196,64616550,East,1,37844070
81,64606,6460038193070,1,646000000223,64616550,East,1,38193070
81,64606,6460038586070,0,646000000223,64616551,West,1,38586070
81,64606,6460039266070,0,646000000224,64616551,West,1,39266070
81,64606,6460039298070,1,646000000194,64616550,East,1,39298070
81,64606,6460039454010,1,646000003521,64616550,East,1,39454010
81,64606,6460039692070,1,646000000221,64616550,East,1,39692070
81,64606,6460039739070,1,646000000219,64616550,East,1,39739070
81,64606,6460040588070,1,646000000158,64616550,East,1,40588070
81,64606,6460040953070,0,646000000226,64616551,West,1,40953070
81,64606,6460041117070,0,646000000225,64616551,West,1,41117070
81,64606,6460041219070,0,646000000219,64616551,West,1,41219070
81,64606,6460041237070,1,646000000194,64616550,East,1,41237070
81,64606,6460041411070,0,646000000158,64616551,West,1,41411070
81,64606,6460041661070,0,646000000220,64616551,West,1,41661070
81,64606,6460041919070,1,646000000221,64616550,East,1,41919070
81,64606,6460042065070,1,646000000221,64616550,East,1,42065070
81,64606,6460042147010,0,646000003539,64616551,West,1,42147010
81,64606,6460042343070,0,646000000227,64616551,West,1,42343070
81,64606,6460042463070,0,646000000226,64616551,West,1,42463070
81,64606,6460042702010,0,646000003521,64616551,West,1,42702010
81,64606,6460043182070,1,646000000243,64616550,East,1,43182070
81,64606,6460043660070,0,646000000159,64616551,West,1,43660070
81,64606,6460043880070,0,646000000242,64616551,West,1,43880070
81,64606,6460043998070,1,646000000227,64616550,East,1,43998070
81,64606,6460044202070,0,646000000258,64616551,West,1,44202070
81,64606,6460044267070,1,646000000224,64616550,East,1,44267070
81,64606,6460044560070,0,646000000243,64616551,West,1,44560070
81,64606,6460045257070,0,646000000221,64616551,West,1,45257070
81,64606,6460045767070,1,646000000227,64616550,East,1,45767070
81,64606,6460045816070,0,646000000159,64616551,West,1,45816070
81,64606,6460045854070,1,646000000225,64616550,East,1,45854070
81,64606,6460045916010,1,646000003539,64616550,East,1,45916010
81,64606,6460046015070,0,646000000219,64616551,West,1,46015070
81,64606,6460046123070,0,646000000219,64616551,West,1,46123070
81,64606,6460046656070,1,646000000225,64616550,East,1,46656070
81,64606,6460047243070,1,646000000196,64616550,East,1,47243070
81,64606,6460047490070,0,646000000196,64616551,West,1,47490070
81,64606,6460047512070,0,646000000221,64616551,West,1,47512070
81,64606,6460047769070,0,646000000258,64616551,West,1,47769070
81,64606,6460047885070,1,646000000166,64616550,East,1,47885070
81,64606,6460047900070,0,646000000225,64616551,West,1,47900070
81,64606,6460048141070,0,646000000220,64616551,West,1,48141070
81,64606,6460048283070,1,646000000221,64616550,East,1,48283070
81,64606,6460048388070,0,646000000221,64616551,West,1,48388070
81,64606,6460048469070,1,646000000223,64616550,East,1,48469070
81,64607,6460010026070,0,646000000243,64616551,West,1,10026070
81,64607,6460022742070,1,646000000242,64616550,East,1,22742070
81,64607,6460024545070,0,646000000242,64616551,West,1,24545070
81,64607,6460028630070,0,646000000242,64616551,West,1,28630070
81,64607,6460037751070,0,646000000243,64616551,West,1,37751070
81,64607,6460039486070,1,646000000243,64616550,East,1,39486070
81,64607,6460041687070,1,646000000242,64616550,East,1,41687070
81,64607,6460047744070,1,646000000243,64616550,East,1,47744070
81,64608,6460001416070,0,646000000166,64616551,West,1,1416070
81,64608,6460006063010,0,646000003521,64616551,West,1,6063010
81,64608,6460010664070,1,646000000166,64616550,East,1,10664070
81,64608,6460010876010,0,646000003539,64616551,West,1,10876010
81,64608,6460016557010,1,646000003539,64616550,East,1,16557010
81,64608,6460021901010,1,646000003539,64616550,East,1,21901010
81,64608,6460022564070,0,646000000221,64616551,West,1,22564070
81,64608,6460023247010,1,646000003539,64616550,East,1,23247010
81,64608,6460024901010,0,646000003539,64616551,West,1,24901010
81,64608,6460030424010,1,646000003521,64616550,East,1,30424010
81,64608,6460038782070,0,646000000166,64616551,West,1,38782070
81,64608,6460040686010,0,646000003521,64616551,West,1,40686010
81,64608,6460042757070,0,646000000194,64616551,West,1,42757070
81,64608,6460044415010,1,646000003521,64616550,East,1,44415010
81,64609,6460000161010,1,646000003529,64616550,East,1,161010
81,64609,6460001632020,0,646000001114,64616551,West,1,1632020
81,64609,6460002145010,0,646000003540,64616551,West,1,2145010
81,64609,6460002272010,0,646000003529,64616551,West,1,2272010
81,64609,6460002277010,1,646000003529,64616550,East,1,2277010
81,64609,6460002319010,1,646000003540,64616550,East,1,2319010
81,64609,6460003864010,0,646000003528,64616551,West,1,3864010
81,64609,6460003932010,0,646000003540,64616551,West,1,3932010
81,64609,6460004365010,0,646000003528,64616551,West,1,4365010
81,64609,6460005023010,0,646000003539,64616551,West,1,5023010
81,64609,6460005128010,0,646000003541,64616551,West,1,5128010
81,64609,6460005300020,1,646000001113,64616550,East,1,5300020
81,64609,6460005321010,0,646000003522,64616551,West,1,5321010
81,64609,6460005660010,1,646000003541,64616550,East,1,5660010
81,64609,6460005734010,1,646000003530,64616550,East,1,5734010
81,64609,6460005862010,0,646000003540,64616551,West,1,5862010
81,64609,6460006181010,0,646000003530,64616551,West,1,6181010
81,64609,6460007046010,0,646000003528,64616551,West,1,7046010
81,64609,6460007086010,1,646000003556,64616550,East,1,7086010
81,64609,6460007347010,1,646000003541,64616550,East,1,7347010
81,64609,6460007664010,1,646000003556,64616550,East,1,7664010
81,64609,6460007956010,1,646000003530,64616550,East,1,7956010
81,64609,6460008125010,0,646000003529,64616551,West,1,8125010
81,64609,6460008480010,0,646000003528,64616551,West,1,8480010
81,64609,6460008730010,0,646000003540,64616551,West,1,8730010
81,64609,6460009392010,1,646000003589,64616550,East,1,9392010
81,64609,6460009455010,0,646000003529,64616551,West,1,9455010
81,64609,6460009627010,1,646000003530,64616550,East,1,9627010
81,64609,6460009958010,0,646000003530,64616551,West,1,9958010
81,64609,6460010512010,0,646000003521,64616551,West,1,10512010
81,64609,6460010546010,0,646000003586,64616551,West,1,10546010
81,64609,6460010691010,0,646000003530,64616551,West,1,10691010
81,64609,6460011445010,1,646000003522,64616550,East,1,11445010
81,64609,6460011816010,1,646000003528,64616550,East,1,11816010
81,64609,6460012008020,1,646000001114,64616550,East,1,12008020
81,64609,6460012015010,0,646000003556,64616551,West,1,12015010
81,64609,6460012107010,1,646000003540,64616550,East,1,12107010
81,64609,6460012470010,1,646000003530,64616550,East,1,12470010
81,64609,6460012508010,1,646000003541,64616550,East,1,12508010
81,64609,6460012998010,1,646000003529,64616550,East,1,12998010
81,64609,6460013252010,1,646000003529,64616550,East,1,13252010
81,64609,6460013794010,0,646000003528,64616551,West,1,13794010
81,64609,6460014300010,1,646000003521,64616550,East,1,14300010
81,64609,6460014997010,0,646000003529,64616551,West,1,14997010
81,64609,6460015627010,0,646000003541,64616551,West,1,15627010
81,64609,6460015684010,0,646000003540,64616551,West,1,15684010
81,64609,6460016134010,1,646000003528,64616550,East,1,16134010
81,64609,6460016240010,0,646000003541,64616551,West,1,16240010
81,64609,6460016271010,1,646000003530,64616550,East,1,16271010
81,64609,6460016744010,0,646000003541,64616551,West,1,16744010
81,64609,6460016903010,1,646000003589,64616550,East,1,16903010
81,64609,6460017030010,1,646000003529,64616550,East,1,17030010
81,64609,6460017155010,0,646000003556,64616551,West,1,17155010
81,64609,6460018185010,0,646000003529,64616551,West,1,18185010
81,64609,6460018212010,1,646000003540,64616550,East,1,18212010
81,64609,6460018710010,1,646000003556,64616550,East,1,18710010
81,64609,6460018951010,1,646000003540,64616550,East,1,18951010
81,64609,6460019399010,0,646000003528,64616551,West,1,19399010
81,64609,6460019562010,0,646000003522,64616551,West,1,19562010
81,64609,6460019563010,1,646000003589,64616550,East,1,19563010
81,64609,6460019709010,1,646000003541,64616550,East,1,19709010
81,64609,6460020361010,1,646000003528,64616550,East,1,20361010
81,64609,6460021101010,1,646000003540,64616550,East,1,21101010
81,64609,6460021248010,0,646000003586,64616551,West,1,21248010
81,64609,6460021375010,1,646000003539,64616550,East,1,21375010
81,64609,6460021823020,0,646000001113,64616551,West,1,21823020
81,64609,6460022059010,1,646000003529,64616550,East,1,22059010
81,64609,6460022357010,0,646000003528,64616551,West,1,22357010
81,64609,6460022725010,0,646000003528,64616551,West,1,22725010
81,64609,6460023013010,0,646000003530,64616551,West,1,23013010
81,64609,6460023230010,1,646000003586,64616550,East,1,23230010
81,64609,6460024359010,0,646000003541,64616551,West,1,24359010
81,64609,6460024565010,0,646000003589,64616551,West,1,24565010
81,64609,6460024976010,0,646000003530,64616551,West,1,24976010
81,64609,6460025326010,0,646000003522,64616551,West,1,25326010
81,64609,6460025610010,0,646000003540,64616551,West,1,25610010
81,64609,6460025918010,0,646000003556,64616551,West,1,25918010
81,64609,6460026257010,0,646000003586,64616551,West,1,26257010
81,64609,6460026271010,1,646000003529,64616550,East,1,26271010
81,64609,6460026362010,0,646000003528,64616551,West,1,26362010
81,64609,6460026581010,1,646000003528,64616550,East,1,26581010
81,64609,6460026671010,1,646000003540,64616550,East,1,26671010
81,64609,6460026933010,1,646000003521,64616550,East,1,26933010
81,64609,6460027440010,0,646000003529,64616551,West,1,27440010
81,64609,6460027743010,1,646000003522,64616550,East,1,27743010
81,64609,6460028083010,1,646000003522,64616550,East,1,28083010
81,64609,6460028284010,1,646000003529,64616550,East,1,28284010
81,64609,6460028335010,1,646000003586,64616550,East,1,28335010
81,64609,6460028465010,1,646000003556,64616550,East,1,28465010
81,64609,6460028533010,0,646000003529,64616551,West,1,28533010
81,64609,6460028760010,1,646000003522,64616550,East,1,28760010
81,64609,6460028761010,0,646000003540,64616551,West,1,28761010
81,64609,6460028818010,0,646000003522,64616551,West,1,28818010
81,64609,6460028958010,1,646000003530,64616550,East,1,28958010
81,64609,6460029071010,1,646000003528,64616550,East,1,29071010
81,64609,6460029187010,0,646000003522,64616551,West,1,29187010
81,64609,6460029278010,1,646000003528,64616550,East,1,29278010
81,64609,6460029399010,1,646000003528,64616550,East,1,29399010
81,64609,6460030083010,1,646000003522,64616550,East,1,30083010
81,64609,6460030269010,1,646000003522,64616550,East,1,30269010
81,64609,6460030535010,1,646000003529,64616550,East,1,30535010
81,64609,6460030652010,1,646000003556,64616550,East,1,30652010
81,64609,6460030737010,0,646000003556,64616551,West,1,30737010
81,64609,6460030981020,1,646000001114,64616550,East,1,30981020
81,64609,6460031178010,0,646000003529,64616551,West,1,31178010
81,64609,6460031706010,1,646000003541,64616550,East,1,31706010
81,64609,6460031973010,0,646000003530,64616551,West,1,31973010
81,64609,6460031995020,1,646000001113,64616550,East,1,31995020
81,64609,6460032481010,1,646000003540,64616550,East,1,32481010
81,64609,6460032508010,0,646000003521,64616551,West,1,32508010
81,64609,6460033104010,1,646000003530,64616550,East,1,33104010
81,64609,6460033131010,0,646000003556,64616551,West,1,33131010
81,64609,6460033678010,1,646000003528,64616550,East,1,33678010
81,64609,6460033862010,1,646000003540,64616550,East,1,33862010
81,64609,6460033955020,0,646000001114,64616551,West,1,33955020
81,64609,6460034359010,0,646000003540,64616551,West,1,34359010
81,64609,6460034433010,0,646000003530,64616551,West,1,34433010
81,64609,6460034579010,1,646000003522,64616550,East,1,34579010
81,64609,6460034743010,0,646000003541,64616551,West,1,34743010
81,64609,6460035484010,1,646000003540,64616550,East,1,35484010
81,64609,6460035562010,1,646000003528,64616550,East,1,35562010
81,64609,6460036688010,0,646000003541,64616551,West,1,36688010
81,64609,6460036734010,1,646000003529,64616550,East,1,36734010
81,64609,6460036814010,1,646000003530,64616550,East,1,36814010
81,64609,6460036900010,1,646000003556,64616550,East,1,36900010
81,64609,6460036959010,0,646000003539,64616551,West,1,36959010
81,64609,6460037136020,1,646000001114,64616550,East,1,37136020
81,64609,6460037151010,1,646000003522,64616550,East,1,37151010
81,64609,6460037163010,0,646000003529,64616551,West,1,37163010
81,64609,6460037621010,0,646000003589,64616551,West,1,37621010
81,64609,6460037638010,1,646000003528,64616550,East,1,37638010
81,64609,6460038417010,0,646000003528,64616551,West,1,38417010
81,64609,6460038433010,1,646000003530,64616550,East,1,38433010
81,64609,6460038721010,1,646000003556,64616550,East,1,38721010
81,64609,6460038723020,0,646000001114,64616551,West,1,38723020
81,64609,6460038776010,0,646000003556,64616551,West,1,38776010
81,64609,6460038861010,1,646000003541,64616550,East,1,38861010
81,64609,6460039468010,0,646000003589,64616551,West,1,39468010
81,64609,6460039509010,1,646000003530,64616550,East,1,39509010
81,64609,6460039877010,0,646000003528,64616551,West,1,39877010
81,64609,6460040333020,0,646000001113,64616551,West,1,40333020
81,64609,6460040381010,1,646000003541,64616550,East,1,40381010
81,64609,6460040733020,1,646000001113,64616550,East,1,40733020
81,64609,6460041566010,0,646000003530,64616551,West,1,41566010
81,64609,6460041783010,1,646000003528,64616550,East,1,41783010
81,64609,6460041895010,0,646000003529,64616551,West,1,41895010
81,64609,6460042492010,0,646000003522,64616551,West,1,42492010
81,64609,6460042733010,0,646000003530,64616551,West,1,42733010
81,64609,6460043610010,1,646000003586,64616550,East,1,43610010
81,64609,6460044091010,1,646000003589,64616550,East,1,44091010
81,64609,6460045705010,0,646000003522,64616551,West,1,45705010
81,64609,6460046324010,0,646000003522,64616551,West,1,46324010
81,64609,6460046439010,0,646000003589,64616551,West,1,46439010
81,64609,6460046752010,0,646000003530,64616551,West,1,46752010
81,64609,6460047031010,1,646000003530,64616550,East,1,47031010
81,64609,6460047124010,0,646000003522,64616551,West,1,47124010
81,64609,6460047417010,0,646000003528,64616551,West,1,47417010
81,64609,6460047523010,0,646000003530,64616551,West,1,47523010
81,64609,6460047990010,1,646000003528,64616550,East,1,47990010
81,64609,6460048221010,0,646000003556,64616551,West,1,48221010
81,64609,6460048567010,1,646000003522,64616550,East,1,48567010
81,64612,6460005133020,0,646000001625,64616551,West,1,5133020
81,64612,6460008270020,1,646000001625,64616550,East,1,8270020
81,64612,6460025176020,0,646000001625,64616551,West,1,25176020
81,64612,6460025472020,1,646000001566,64616550,East,1,25472020
81,64612,6460031869020,0,646000001627,64616551,West,1,31869020
81,64612,6460031983020,0,646000001566,64616551,West,1,31983020
81,64612,6460033700020,1,646000001625,64616550,East,1,33700020
81,64615,6460001391010,0,646000003512,64616551,West,1,1391010
81,64615,6460007141020,1,646000001114,64616550,East,1,7141020
81,64615,6460022234010,0,646000003540,64616551,West,1,22234010
81,64615,6460029053020,1,646000001114,64616550,East,1,29053020
81,64615,6460029072020,0,646000001114,64616551,West,1,29072020
81,64615,6460033468020,0,646000001114,64616551,West,1,33468020
81,64615,6460037294020,0,646000001113,64616551,West,1,37294020
81,64615,6460041627010,1,646000003513,64616550,East,1,41627010
81,64615,6460041750010,1,646000003512,64616550,East,1,41750010
81,64615,6460043632020,0,646000001113,64616551,West,1,43632020
81,64615,6460045994020,1,646000001113,64616550,East,1,45994020
81,64615,6460047226010,0,646000003513,64616551,West,1,47226010
81,64615,6460047878020,1,646000001113,64616550,East,1,47878020
81,64701,6470000054020,0,647000001631,64716551,West,1,54020
81,64701,6470000279020,0,647000001858,64716551,West,1,279020
81,64701,6470000443020,1,647000001593,64716550,East,1,443020
81,64701,6470000597020,1,647000001595,64716550,East,1,597020
81,64701,6470000688020,0,647000001627,64716551,West,1,688020
81,64701,6470000715020,0,647000001591,64716551,West,1,715020
81,64701,6470000921020,0,647000001631,64716551,West,1,921020
81,64701,6470001008020,0,647000001591,64716551,West,1,1008020
81,64701,6470001177020,0,647000001629,64716551,West,1,1177020
81,64701,6470001212020,1,647000001591,64716550,East,1,1212020
81,64701,6470001251020,0,647000001624,64716551,West,1,1251020
81,64701,6470001470020,1,647000001625,64716550,East,1,1470020
81,64701,6470001783020,1,647000001632,64716550,East,1,1783020
81,64701,6470001947020,1,647000001591,64716550,East,1,1947020
81,64701,6470002087020,1,647000001637,64716550,East,1,2087020
81,64701,6470002181020,0,647000001631,64716551,West,1,2181020
81,64701,6470002376020,1,647000001629,64716550,East,1,2376020
81,64701,6470002409020,0,647000001629,64716551,West,1,2409020
81,64701,6470002573020,1,647000001592,64716550,East,1,2573020
81,64701,6470002686020,1,647000001628,64716550,East,1,2686020
81,64701,6470002988020,0,647000001628,64716551,West,1,2988020
81,64701,6470003667020,1,647000001625,64716550,East,1,3667020
81,64701,6470003900020,1,647000001624,64716550,East,1,3900020
81,64701,6470004035020,0,647000001591,64716551,West,1,4035020
81,64701,6470004234020,1,647000001631,64716550,East,1,4234020
81,64701,6470004396020,0,647000001628,64716551,West,1,4396020
81,64701,6470004599020,1,647000001632,64716550,East,1,4599020
81,64701,6470004746020,0,647000001594,64716551,West,1,4746020
81,64701,6470005129020,1,647000001626,64716550,East,1,5129020
81,64701,6470005143020,0,647000001595,64716551,West,1,5143020
81,64701,6470005183020,1,647000001631,64716550,East,1,5183020
81,64701,6470005210020,0,647000001637,64716551,West,1,5210020
81,64701,6470005216020,1,647000001624,64716550,East,1,5216020
81,64701,6470005589020,0,647000001627,64716551,West,1,5589020
81,64701,6470006210020,1,647000001627,64716550,East,1,6210020
81,64701,6470006224020,0,647000001595,64716551,West,1,6224020
81,64701,6470006756020,0,647000001625,64716551,West,1,6756020
81,64701,6470006867020,0,647000001595,64716551,West,1,6867020
81,64701,6470007027020,0,647000001632,64716551,West,1,7027020
81,64701,6470007215020,0,647000001858,64716551,West,1,7215020
81,64701,6470007224020,0,647000001625,64716551,West,1,7224020
81,64701,6470007490020,1,647000001633,64716550,East,1,7490020
81,64701,6470007936020,0,647000001632,64716551,West,1,7936020
81,64701,6470008229020,1,647000001627,64716550,East,1,8229020
81,64701,6470008242020,1,647000001592,64716550,East,1,8242020
81,64701,6470008247020,1,647000001595,64716550,East,1,8247020
81,64701,6470008272020,1,647000001624,64716550,East,1,8272020
81,64701,6470008311020,0,647000001594,64716551,West,1,8311020
81,64701,6470008479020,0,647000001634,64716551,West,1,8479020
81,64701,6470008607020,1,647000001631,64716550,East,1,8607020
81,64701,6470008644020,1,647000001631,64716550,East,1,8644020
81,64701,6470008872020,1,647000001595,64716550,East,1,8872020
81,64701,6470008974020,0,647000001592,64716551,West,1,8974020
81,64701,6470009400020,0,647000001591,64716551,West,1,9400020
81,64701,6470009499020,0,647000001627,64716551,West,1,9499020
81,64701,6470009537020,0,647000001858,64716551,West,1,9537020
81,64701,6470009596020,0,647000001595,64716551,West,1,9596020
81,64701,6470009692020,1,647000001624,64716550,East,1,9692020
81,64701,6470009872020,1,647000001858,64716550,East,1,9872020
81,64701,6470010278020,1,647000001629,64716550,East,1,10278020
81,64701,6470010663020,1,647000001634,64716550,East,1,10663020
81,64701,6470011576020,1,647000001625,64716550,East,1,11576020
81,64701,6470011820020,0,647000001592,64716551,West,1,11820020
81,64701,6470011885020,1,647000001858,64716550,East,1,11885020
81,64701,6470011953020,1,647000001628,64716550,East,1,11953020
81,64701,6470012615020,0,647000001631,64716551,West,1,12615020
81,64701,6470012795020,0,647000001625,64716551,West,1,12795020
81,64701,6470012808020,0,647000001629,64716551,West,1,12808020
81,64701,6470012830020,1,647000001637,64716550,East,1,12830020
81,64701,6470013066020,0,647000001627,64716551,West,1,13066020
81,64701,6470013202020,0,647000001637,64716551,West,1,13202020
81,64701,6470013276020,0,647000001631,64716551,West,1,13276020
81,64701,6470013742020,1,647000001628,64716550,East,1,13742020
81,64701,6470013743020,0,647000001592,64716551,West,1,13743020
81,64701,6470014145020,0,647000001592,64716551,West,1,14145020
81,64701,6470014323020,1,647000001626,64716550,East,1,14323020
81,64701,6470014737020,1,647000001631,64716550,East,1,14737020
81,64701,6470014775020,1,647000001627,64716550,East,1,14775020
81,64701,6470015031020,0,647000001633,64716551,West,1,15031020
81,64701,6470015101020,0,647000001625,64716551,West,1,15101020
81,64701,6470015327020,0,647000001629,64716551,West,1,15327020
81,64701,6470015524020,1,647000001625,64716550,East,1,15524020
81,64701,6470015587020,0,647000001631,64716551,West,1,15587020
81,64701,6470015998020,1,647000001627,64716550,East,1,15998020
81,64701,6470016366020,0,647000001631,64716551,West,1,16366020
81,64701,6470016632020,0,647000001627,64716551,West,1,16632020
81,64701,6470016686020,0,647000001595,64716551,West,1,16686020
81,64701,6470016741020,1,647000001627,64716550,East,1,16741020
81,64701,6470017151020,1,647000001634,64716550,East,1,17151020
81,64701,6470018131020,0,647000001625,64716551,West,1,18131020
81,64701,6470018140020,0,647000001628,64716551,West,1,18140020
81,64701,6470018433020,1,647000001858,64716550,East,1,18433020
81,64701,6470018842020,0,647000001627,64716551,West,1,18842020
81,64701,6470018918020,1,647000001629,64716550,East,1,18918020
81,64701,6470019005020,0,647000001592,64716551,West,1,19005020
81,64701,6470019555020,1,647000001625,64716550,East,1,19555020
81,64701,6470019713020,0,647000001625,64716551,West,1,19713020
81,64701,6470020101020,1,647000001858,64716550,East,1,20101020
81,64701,6470020152020,0,647000001628,64716551,West,1,20152020
81,64701,6470020477020,0,647000001858,64716551,West,1,20477020
81,64701,6470020920020,1,647000001631,64716550,East,1,20920020
81,64701,6470021081020,1,647000001637,64716550,East,1,21081020
81,64701,6470021250020,1,647000001636,64716550,East,1,21250020
81,64701,6470021268020,1,647000001625,64716550,East,1,21268020
81,64701,6470021274020,1,647000001629,64716550,East,1,21274020
81,64701,6470021734020,0,647000001631,64716551,West,1,21734020
81,64701,6470021857020,1,647000001592,64716550,East,1,21857020
81,64701,6470021876020,1,647000001632,64716550,East,1,21876020
81,64701,6470022112020,1,647000001858,64716550,East,1,22112020
81,64701,6470022163020,0,647000001635,64716551,West,1,22163020
81,64701,6470022229020,1,647000001628,64716550,East,1,22229020
81,64701,6470022515020,1,647000001634,64716550,East,1,22515020
81,64701,6470022589020,1,647000001625,64716550,East,1,22589020
81,64701,6470022632020,0,647000001631,64716551,West,1,22632020
81,64701,6470022658020,1,647000001632,64716550,East,1,22658020
81,64701,6470022837020,1,647000001858,64716550,East,1,22837020
81,64701,6470022922020,1,647000001635,64716550,East,1,22922020
81,64701,6470022958020,0,647000001636,64716551,West,1,22958020
81,64701,6470022997020,1,647000001625,64716550,East,1,22997020
81,64701,6470023059020,1,647000001624,64716550,East,1,23059020
81,64701,6470023152020,0,647000001629,64716551,West,1,23152020
81,64701,6470023613020,0,647000001625,64716551,West,1,23613020
81,64701,6470023677020,1,647000001627,64716550,East,1,23677020
81,64701,6470023727020,1,647000001624,64716550,East,1,23727020
81,64701,6470023957020,1,647000001591,64716550,East,1,23957020
81,64701,6470024023020,1,647000001631,64716550,East,1,24023020
81,64701,6470024148020,1,647000001632,64716550,East,1,24148020
81,64701,6470024150020,0,647000001592,64716551,West,1,24150020
81,64701,6470024201020,0,647000001627,64716551,West,1,24201020
81,64701,6470024384020,0,647000001858,64716551,West,1,24384020
81,64701,6470024426020,1,647000001594,64716550,East,1,24426020
81,64701,6470024568020,0,647000001632,64716551,West,1,24568020
81,64701,6470024660020,1,647000001631,64716550,East,1,24660020
81,64701,6470024771020,1,647000001595,64716550,East,1,24771020
81,64701,6470024912020,1,647000001632,64716550,East,1,24912020
81,64701,6470024966020,1,647000001631,64716550,East,1,24966020
81,64701,6470025313020,1,647000001592,64716550,East,1,25313020
81,64701,6470026207020,0,647000001634,64716551,West,1,26207020
81,64701,6470026361020,0,647000001629,64716551,West,1,26361020
81,64701,6470026531020,1,647000001625,64716550,East,1,26531020
81,64701,6470026653020,0,647000001632,64716551,West,1,26653020
81,64701,6470026718020,1,647000001591,64716550,East,1,26718020
81,64701,6470026964020,0,647000001631,64716551,West,1,26964020
81,64701,6470027030020,0,647000001624,64716551,West,1,27030020
81,64701,6470027426020,0,647000001634,64716551,West,1,27426020
81,64701,6470027451020,1,647000001627,64716550,East,1,27451020
81,64701,6470027551020,0,647000001626,64716551,West,1,27551020
81,64701,6470027604020,1,647000001634,64716550,East,1,27604020
81,64701,6470028079020,1,647000001635,64716550,East,1,28079020
81,64701,6470028229020,0,647000001858,64716551,West,1,28229020
81,64701,6470028311020,1,647000001637,64716550,East,1,28311020
81,64701,6470028394020,1,647000001625,64716550,East,1,28394020
81,64701,6470028524020,0,647000001627,64716551,West,1,28524020
81,64701,6470028804020,0,647000001595,64716551,West,1,28804020
81,64701,6470029604020,1,647000001595,64716550,East,1,29604020
81,64701,6470030303020,0,647000001628,64716551,West,1,30303020
81,64701,6470030459020,1,647000001858,64716550,East,1,30459020
81,64701,6470031016020,0,647000001625,64716551,West,1,31016020
81,64701,6470031802020,1,647000001592,64716550,East,1,31802020
81,64701,6470031920020,1,647000001629,64716550,East,1,31920020
81,64701,6470032066020,0,647000001624,64716551,West,1,32066020
81,64701,6470032239020,0,647000001595,64716551,West,1,32239020
81,64701,6470032416020,0,647000001858,64716551,West,1,32416020
81,64701,6470032756020,0,647000001594,64716551,West,1,32756020
81,64701,6470033765020,0,647000001595,64716551,West,1,33765020
81,64701,6470033769020,0,647000001626,64716551,West,1,33769020
81,64701,6470033802020,1,647000001627,64716550,East,1,33802020
81,64701,6470033892020,0,647000001631,64716551,West,1,33892020
81,64701,6470034268020,1,647000001595,64716550,East,1,34268020
81,64701,6470034695020,1,647000001632,64716550,East,1,34695020
81,64701,6470035158020,1,647000001594,64716550,East,1,35158020
81,64701,6470035244020,0,647000001627,64716551,West,1,35244020
81,64701,6470035270020,1,647000001631,64716550,East,1,35270020
81,64701,6470035536020,0,647000001626,64716551,West,1,35536020
81,64701,6470035580020,1,647000001628,64716550,East,1,35580020
81,64701,6470035935020,1,647000001628,64716550,East,1,35935020
81,64701,6470036436020,0,647000001592,64716551,West,1,36436020
81,64701,6470036462020,1,647000001627,64716550,East,1,36462020
81,64701,6470036505020,1,647000001629,64716550,East,1,36505020
81,64701,6470036585020,0,647000001635,64716551,West,1,36585020
81,64701,6470037055020,0,647000001628,64716551,West,1,37055020
81,64701,6470037206020,0,647000001628,64716551,West,1,37206020
81,64701,6470037404020,1,647000001628,64716550,East,1,37404020
81,64701,6470037803020,0,647000001624,64716551,West,1,37803020
81,64701,6470037861020,0,647000001627,64716551,West,1,37861020
81,64701,6470037956020,1,647000001627,64716550,East,1,37956020
81,64701,6470037966020,0,647000001632,64716551,West,1,37966020
81,64701,6470038443020,0,647000001633,64716551,West,1,38443020
81,64701,6470039722020,0,647000001593,64716551,West,1,39722020
81,64701,6470039986020,0,647000001635,64716551,West,1,39986020
81,64701,6470040540020,1,647000001594,64716550,East,1,40540020
81,64701,6470040615020,1,647000001626,64716550,East,1,40615020
81,64701,6470040807020,0,647000001858,64716551,West,1,40807020
81,64701,6470041017020,1,647000001591,64716550,East,1,41017020
81,64701,6470041157020,0,647000001591,64716551,West,1,41157020
81,64701,6470041427020,0,647000001624,64716551,West,1,41427020
81,64701,6470041806020,1,647000001592,64716550,East,1,41806020
81,64701,6470042307020,1,647000001629,64716550,East,1,42307020
81,64701,6470042600020,0,647000001624,64716551,West,1,42600020
81,64701,6470042874020,0,647000001624,64716551,West,1,42874020
81,64701,6470043001020,0,647000001632,64716551,West,1,43001020
81,64701,6470043139020,1,647000001858,64716550,East,1,43139020
81,64701,6470043288020,1,647000001632,64716550,East,1,43288020
81,64701,6470043458020,1,647000001592,64716550,East,1,43458020
81,64701,6470043588020,0,647000001632,64716551,West,1,43588020
81,64701,6470043919020,0,647000001625,64716551,West,1,43919020
81,64701,6470044156020,1,647000001593,64716550,East,1,44156020
81,64701,6470044703020,0,647000001593,64716551,West,1,44703020
81,64701,6470045042020,0,647000001629,64716551,West,1,45042020
81,64701,6470045360020,1,647000001624,64716550,East,1,45360020
81,64701,6470045471020,0,647000001625,64716551,West,1,45471020
81,64701,6470045862020,0,647000001634,64716551,West,1,45862020
81,64701,6470045945020,0,647000001627,64716551,West,1,45945020
81,64701,6470046013020,0,647000001637,64716551,West,1,46013020
81,64701,6470046282020,1,647000001635,64716550,East,1,46282020
81,64701,6470046852020,1,647000001631,64716550,East,1,46852020
81,64701,6470046856020,1,647000001595,64716550,East,1,46856020
81,64701,6470047292020,0,647000001632,64716551,West,1,47292020
81,64701,6470047355020,1,647000001627,64716550,East,1,47355020
81,64701,6470047516020,1,647000001595,64716550,East,1,47516020
81,64701,6470047674020,1,647000001629,64716550,East,1,47674020
81,64701,6470048453020,1,647000001627,64716550,East,1,48453020
81,64701,6470048471020,0,647000001637,64716551,West,1,48471020
81,64701,6470048594020,0,647000001629,64716551,West,1,48594020
81,64702,6470000737030,0,647000001045,64716551,West,1,737030
81,64702,6470008033030,1,647000001046,64716550,East,1,8033030
81,64702,6470018997030,0,647000001046,64716551,West,1,18997030
81,64702,6470022155030,0,647000001046,64716551,West,1,22155030
81,64702,6470024089030,0,647000001046,64716551,West,1,24089030
81,64702,6470036446030,1,647000001045,64716550,East,1,36446030
81,64702,6470037391030,0,647000001045,64716551,West,1,37391030
81,64702,6470040787030,1,647000001045,64716550,East,1,40787030
81,64702,6470045605030,1,647000001045,64716550,East,1,45605030
81,64702,6470046417030,1,647000001046,64716550,East,1,46417030
81,64702,6470046907030,1,647000001046,64716550,East,1,46907030
81,64704,6470008396030,1,647000001045,64716550,East,1,8396030
81,64704,6470012915030,0,647000001045,64716551,West,1,12915030
81,64704,6470014116030,1,647000001045,64716550,East,1,14116030
81,64704,6470017727030,0,647000001046,64716551,West,1,17727030
81,64704,6470018856030,1,647000001046,64716550,East,1,18856030
81,64704,6470021583030,0,647000001046,64716551,West,1,21583030
81,64704,6470041203030,1,647000001046,64716550,East,1,41203030
81,64704,6470045869030,0,647000001045,64716551,West,1,45869030
81,64705,6470001827070,0,647000000242,64716551,West,1,1827070
81,64705,6470003757070,1,647000000242,64716550,East,1,3757070
81,64705,6470004212070,1,647000000243,64716550,East,1,4212070
81,64705,6470009056070,0,647000000243,64716551,West,1,9056070
81,64705,6470010397070,1,647000000243,64716550,East,1,10397070
81,64705,6470020616070,0,647000000243,64716551,West,1,20616070
81,64705,6470022469070,0,647000000243,64716551,West,1,22469070
81,64705,6470031370070,1,647000000242,64716550,East,1,31370070
81,64705,6470039274070,0,647000000242,64716551,West,1,39274070
81,64705,6470045065070,1,647000000243,64716550,East,1,45065070
81,64705,6470045096070,1,647000000242,64716550,East,1,45096070
81,64706,6470000151070,1,647000000242,64716550,East,1,151070
81,64706,6470000321070,0,647000000158,64716551,West,1,321070
81,64706,6470000726070,1,647000000225,64716550,East,1,726070
81,64706,6470000778070,1,647000000226,64716550,East,1,778070
81,64706,6470001197070,0,647000000227,64716551,West,1,1197070
81,64706,6470001269070,0,647000000158,64716551,West,1,1269070
81,64706,6470001522070,0,647000000225,64716551,West,1,1522070
81,64706,6470001731070,0,647000000227,64716551,West,1,1731070
81,64706,6470002032070,1,647000000220,64716550,East,1,2032070
81,64706,6470002317070,1,647000000227,64716550,East,1,2317070
81,64706,6470002795070,1,647000000225,64716550,East,1,2795070
81,64706,6470002839070,1,647000000226,64716550,East,1,2839070
81,64706,6470003004070,1,647000000227,64716550,East,1,3004070
81,64706,6470003460070,1,647000000219,64716550,East,1,3460070
81,64706,6470003478070,1,647000000159,64716550,East,1,3478070
81,64706,6470003748070,1,647000000224,64716550,East,1,3748070
81,64706,6470004002070,0,647000000221,64716551,West,1,4002070
81,64706,6470004114070,1,647000000243,64716550,East,1,4114070
81,64706,6470004174070,1,647000000158,64716550,East,1,4174070
81,64706,6470004220070,1,647000000223,64716550,East,1,4220070
81,64706,6470004701070,0,647000000226,64716551,West,1,4701070
81,64706,6470004793070,1,647000000225,64716550,East,1,4793070
81,64706,6470005361070,1,647000000219,64716550,East,1,5361070
81,64706,6470005472070,0,647000000258,64716551,West,1,5472070
81,64706,6470005559070,1,647000000225,64716550,East,1,5559070
81,64706,6470005661070,0,647000000224,64716551,West,1,5661070
81,64706,6470005704070,1,647000000221,64716550,East,1,5704070
81,64706,6470005819070,1,647000000194,64716550,East,1,5819070
81,64706,6470005977070,0,647000000194,64716551,West,1,5977070
81,64706,6470006072070,1,647000000226,64716550,East,1,6072070
81,64706,6470006093070,0,647000000226,64716551,West,1,6093070
81,64706,6470006280070,1,647000000219,64716550,East,1,6280070
81,64706,6470006346070,0,647000000223,64716551,West,1,6346070
81,64706,6470006782070,0,647000000225,64716551,West,1,6782070
81,64706,6470007164070,0,647000000258,64716551,West,1,7164070
81,64706,6470007172070,1,647000000158,64716550,East,1,7172070
81,64706,6470007340070,0,647000000158,64716551,West,1,7340070
81,64706,6470008252070,0,647000000221,64716551,West,1,8252070
81,64706,6470008282070,1,647000000227,64716550,East,1,8282070
81,64706,6470008377070,1,647000000224,64716550,East,1,8377070
81,64706,6470008760070,0,647000000196,64716551,West,1,8760070
81,64706,6470008859010,0,647000003521,64716551,West,1,8859010
81,64706,6470008927070,1,647000000223,64716550,East,1,8927070
81,64706,6470009559070,0,647000000221,64716551,West,1,9559070
81,64706,6470009693070,0,647000000223,64716551,West,1,9693070
81,64706,6470009983070,0,647000000226,64716551,West,1,9983070
81,64706,6470010332070,0,647000000221,64716551,West,1,10332070
81,64706,6470010858070,0,647000000194,64716551,West,1,10858070
81,64706,6470011101070,1,647000000221,64716550,East,1,11101070
81,64706,6470011185070,1,647000000226,64716550,East,1,11185070
81,64706,6470012324070,0,647000000226,64716551,West,1,12324070
81,64706,6470012433070,1,647000000242,64716550,East,1,12433070
81,64706,6470012729070,0,647000000194,64716551,West,1,12729070
81,64706,6470012810070,0,647000000226,64716551,West,1,12810070
81,64706,6470012813070,1,647000000226,64716550,East,1,12813070
81,64706,6470013150070,0,647000000194,64716551,West,1,13150070
81,64706,6470013777070,1,647000000221,64716550,East,1,13777070
81,64706,6470013854070,0,647000000242,64716551,West,1,13854070
81,64706,6470013976070,1,647000000220,64716550,East,1,13976070
81,64706,6470015208070,1,647000000221,64716550,East,1,15208070
81,64706,6470015440070,1,647000000221,64716550,East,1,15440070
81,64706,6470016002070,1,647000000221,64716550,East,1,16002070
81,64706,6470016078070,1,647000000258,64716550,East,1,16078070
81,64706,6470016104070,1,647000000196,64716550,East,1,16104070
81,64706,6470016835070,1,647000000226,64716550,East,1,16835070
81,64706,6470017253070,0,647000000196,64716551,West,1,17253070
81,64706,6470017689070,1,647000000194,64716550,East,1,17689070
81,64706,6470017726070,1,647000000223,64716550,East,1,17726070
81,64706,6470017860070,1,647000000159,64716550,East,1,17860070
81,64706,6470018023070,1,647000000225,64716550,East,1,18023070
81,64706,6470018039070,1,647000000223,64716550,East,1,18039070
81,64706,6470018068070,1,647000000227,64716550,East,1,18068070
81,64706,6470018088070,0,647000000194,64716551,West,1,18088070
81,64706,6470018244070,0,647000000196,64716551,West,1,18244070
81,64706,6470018653070,1,647000000194,64716550,East,1,18653070
81,64706,6470020576070,1,647000000224,64716550,East,1,20576070
81,64706,6470020765070,0,647000000225,64716551,West,1,20765070
81,64706,6470020913070,0,647000000219,64716551,West,1,20913070
81,64706,6470020973070,0,647000000220,64716551,West,1,20973070
81,64706,6470021034070,1,647000000194,64716550,East,1,21034070
81,64706,6470021148070,0,647000000221,64716551,West,1,21148070
81,64706,6470021203070,0,647000000223,64716551,West,1,21203070
81,64706,6470021396070,1,647000000226,64716550,East,1,21396070
81,64706,6470021414070,1,647000000225,64716550,East,1,21414070
81,64706,6470021716070,1,647000000225,64716550,East,1,21716070
81,64706,6470021736070,1,647000000194,64716550,East,1,21736070
81,64706,6470021818070,1,647000000227,64716550,East,1,21818070
81,64706,6470021862070,0,647000000226,64716551,West,1,21862070
81,64706,6470021925070,0,647000000225,64716551,West,1,21925070
81,64706,6470022023070,1,647000000221,64716550,East,1,22023070
81,64706,6470022301070,1,647000000258,64716550,East,1,22301070
81,64706,6470022323070,0,647000000224,64716551,West,1,22323070
81,64706,6470022643070,0,647000000225,64716551,West,1,22643070
81,64706,6470022845070,0,647000000242,64716551,West,1,22845070
81,64706,6470023397070,0,647000000227,64716551,West,1,23397070
81,64706,6470023826070,0,647000000221,64716551,West,1,23826070
81,64706,6470024157070,1,647000000226,64716550,East,1,24157070
81,64706,6470024289070,0,647000000227,64716551,West,1,24289070
81,64706,6470024382070,0,647000000227,64716551,West,1,24382070
81,64706,6470024882070,0,647000000258,64716551,West,1,24882070
81,64706,6470025162070,1,647000000223,64716550,East,1,25162070
81,64706,6470025558070,1,647000000225,64716550,East,1,25558070
81,64706,6470025585070,0,647000000219,64716551,West,1,25585070
81,64706,6470025672070,0,647000000221,64716551,West,1,25672070
81,64706,6470025727070,1,647000000220,64716550,East,1,25727070
81,64706,6470026034070,1,647000000227,64716550,East,1,26034070
81,64706,6470026506070,0,647000000225,64716551,West,1,26506070
81,64706,6470026627070,1,647000000194,64716550,East,1,26627070
81,64706,6470026672070,1,647000000221,64716550,East,1,26672070
81,64706,6470027222070,1,647000000226,64716550,East,1,27222070
81,64706,6470027607070,0,647000000158,64716551,West,1,27607070
81,64706,6470027609070,0,647000000194,64716551,West,1,27609070
81,64706,6470027970070,1,647000000159,64716550,East,1,27970070
81,64706,6470028133070,1,647000000258,64716550,East,1,28133070
81,64706,6470028456070,0,647000000227,64716551,West,1,28456070
81,64706,6470028515070,1,647000000196,64716550,East,1,28515070
81,64706,6470028671070,1,647000000194,64716550,East,1,28671070
81,64706,6470028845010,1,647000003521,64716550,East,1,28845010
81,64706,6470029217070,0,647000000220,64716551,West,1,29217070
81,64706,6470029367070,1,647000000158,64716550,East,1,29367070
81,64706,6470030035070,0,647000000225,64716551,West,1,30035070
81,64706,6470030174070,0,647000000227,64716551,West,1,30174070
81,64706,6470031024070,1,647000000196,64716550,East,1,31024070
81,64706,6470031151070,0,647000000159,64716551,West,1,31151070
81,64706,6470031817070,0,647000000226,64716551,West,1,31817070
81,64706,6470032164070,1,647000000258,64716550,East,1,32164070
81,64706,6470032186070,0,647000000159,64716551,West,1,32186070
81,64706,6470032343070,1,647000000258,64716550,East,1,32343070
81,64706,6470032601070,0,647000000223,64716551,West,1,32601070
81,64706,6470032726070,0,647000000223,64716551,West,1,32726070
81,64706,6470032822070,1,647000000159,64716550,East,1,32822070
81,64706,6470032941070,0,647000000225,64716551,West,1,32941070
81,64706,6470033500070,1,647000000220,64716550,East,1,33500070
81,64706,6470033603070,0,647000000243,64716551,West,1,33603070
81,64706,6470033745070,1,647000000227,64716550,East,1,33745070
81,64706,6470034015010,0,647000003539,64716551,West,1,34015010
81,64706,6470034157070,0,647000000223,64716551,West,1,34157070
81,64706,6470034493070,0,647000000227,64716551,West,1,34493070
81,64706,6470034521070,0,647000000194,64716551,West,1,34521070
81,64706,6470034935070,0,647000000194,64716551,West,1,34935070
81,64706,6470035408070,0,647000000194,64716551,West,1,35408070
81,64706,6470035434070,1,647000000225,64716550,East,1,35434070
81,64706,6470035791070,1,647000000158,64716550,East,1,35791070
81,64706,6470035843070,0,647000000221,64716551,West,1,35843070
81,64706,6470036340070,0,647000000224,64716551,West,1,36340070
81,64706,6470036722010,1,647000003539,64716550,East,1,36722010
81,64706,6470036818070,0,647000000225,64716551,West,1,36818070
81,64706,6470036977070,0,647000000196,64716551,West,1,36977070
81,64706,6470037482070,1,647000000219,64716550,East,1,37482070
81,64706,6470037685070,1,647000000194,64716550,East,1,37685070
81,64706,6470037844070,1,647000000196,64716550,East,1,37844070
81,64706,6470038193070,1,647000000223,64716550,East,1,38193070
81,64706,6470038586070,0,647000000223,64716551,West,1,38586070
81,64706,6470039266070,0,647000000224,64716551,West,1,39266070
81,64706,6470039298070,1,647000000194,64716550,East,1,39298070
81,64706,6470039454010,1,647000003521,64716550,East,1,39454010
81,64706,6470039692070,1,647000000221,64716550,East,1,39692070
81,64706,6470039739070,1,647000000219,64716550,East,1,39739070
81,64706,6470040588070,1,647000000158,64716550,East,1,40588070
81,64706,6470040953070,0,647000000226,64716551,West,1,40953070
81,64706,6470041117070,0,647000000225,64716551,West,1,41117070
81,64706,6470041219070,0,647000000219,64716551,West,1,41219070
81,64706,6470041237070,1,647000000194,64716550,East,1,41237070
81,64706,6470041411070,0,647000000158,64716551,West,1,41411070
81,64706,6470041661070,0,647000000220,64716551,West,1,41661070
81,64706,6470041919070,1,647000000221,64716550,East,1,41919070
81,64706,6470042065070,1,647000000221,64716550,East,1,42065070
81,64706,6470042147010,0,647000003539,64716551,West,1,42147010
81,64706,6470042343070,0,647000000227,64716551,West,1,42343070
81,64706,6470042463070,0,647000000226,64716551,West,1,42463070
81,64706,6470042702010,0,647000003521,64716551,West,1,42702010
81,64706,6470043182070,1,647000000243,64716550,East,1,43182070
81,64706,6470043660070,0,647000000159,64716551,West,1,43660070
81,64706,6470043880070,0,647000000242,64716551,West,1,43880070
81,64706,6470043998070,1,647000000227,64716550,East,1,43998070
81,64706,6470044202070,0,647000000258,64716551,West,1,44202070
81,64706,6470044267070,1,647000000224,64716550,East,1,44267070
81,64706,6470044560070,0,647000000243,64716551,West,1,44560070
81,64706,6470045257070,0,647000000221,64716551,West,1,45257070
81,64706,6470045767070,1,647000000227,64716550,East,1,45767070
81,64706,6470045816070,0,647000000159,64716551,West,1,45816070
81,64706,6470045854070,1,647000000225,64716550,East,1,45854070
81,64706,6470045916010,1,647000003539,64716550,East,1,45916010
81,64706,6470046015070,0,647000000219,64716551,West,1,46015070
81,64706,6470046123070,0,647000000219,64716551,West,1,46123070
81,64706,6470046656070,1,647000000225,64716550,East,1,46656070
81,64706,6470047243070,1,647000000196,64716550,East,1,47243070
81,64706,6470047490070,0,647000000196,64716551,West,1,47490070
81,64706,6470047512070,0,647000000221,64716551,West,1,47512070
81,64706,6470047769070,0,647000000258,64716551,West,1,47769070
81,64706,6470047885070,1,647000000166,64716550,East,1,47885070
81,64706,6470047900070,0,647000000225,64716551,West,1,47900070
81,64706,6470048141070,0,647000000220,64716551,West,1,48141070
81,64706,6470048283070,1,647000000221,64716550,East,1,48283070
81,64706,6470048388070,0,647000000221,64716551,West,1,48388070
81,64706,6470048469070,1,647000000223,64716550,East,1,48469070
81,64707,6470010026070,0,647000000243,64716551,West,1,10026070
81,64707,6470022742070,1,647000000242,64716550,East,1,22742070
81,64707,6470024545070,0,647000000242,64716551,West,1,24545070
81,64707,6470028630070,0,647000000242,64716551,West,1,28630070
81,64707,6470037751070,0,647000000243,64716551,West,1,37751070
81,64707,6470039486070,1,647000000243,64716550,East,1,39486070
81,64707,6470041687070,1,647000000242,64716550,East,1,41687070
81,64707,6470047744070,1,647000000243,64716550,East,1,47744070
81,64708,6470001416070,0,647000000166,64716551,West,1,1416070
81,64708,6470006063010,0,647000003521,64716551,West,1,6063010
81,64708,6470010664070,1,647000000166,64716550,East,1,10664070
81,64708,6470010876010,0,647000003539,64716551,West,1,10876010
81,64708,6470016557010,1,647000003539,64716550,East,1,16557010
81,64708,6470021901010,1,647000003539,64716550,East,1,21901010
81,64708,6470022564070,0,647000000221,64716551,West,1,22564070
81,64708,6470023247010,1,647000003539,64716550,East,1,23247010
81,64708,6470024901010,0,647000003539,64716551,West,1,24901010
81,64708,6470030424010,1,647000003521,64716550,East,1,30424010
81,64708,6470038782070,0,647000000166,64716551,West,1,38782070
81,64708,6470040686010,0,647000003521,64716551,West,1,40686010
81,64708,6470042757070,0,647000000194,64716551,West,1,42757070
81,64708,6470044415010,1,647000003521,64716550,East,1,44415010
81,64709,6470000161010,1,647000003529,64716550,East,1,161010
81,64709,6470001632020,0,647000001114,64716551,West,1,1632020
81,64709,6470002145010,0,647000003540,64716551,West,1,2145010
81,64709,6470002272010,0,647000003529,64716551,West,1,2272010
81,64709,6470002277010,1,647000003529,64716550,East,1,2277010
81,64709,6470002319010,1,647000003540,64716550,East,1,2319010
81,64709,6470003864010,0,647000003528,64716551,West,1,3864010
81,64709,6470003932010,0,647000003540,64716551,West,1,3932010
81,64709,6470004365010,0,647000003528,64716551,West,1,4365010
81,64709,6470005023010,0,647000003539,64716551,West,1,5023010
81,64709,6470005128010,0,647000003541,64716551,West,1,5128010
81,64709,6470005300020,1,647000001113,64716550,East,1,5300020
81,64709,6470005321010,0,647000003522,64716551,West,1,5321010
81,64709,6470005660010,1,647000003541,64716550,East,1,5660010
81,64709,6470005734010,1,647000003530,64716550,East,1,5734010
81,64709,6470005862010,0,647000003540,64716551,West,1,5862010
81,64709,6470006181010,0,647000003530,64716551,West,1,6181010
81,64709,6470007046010,0,647000003528,64716551,West,1,7046010
81,64709,6470007086010,1,647000003556,64716550,East,1,7086010
81,64709,6470007347010,1,647000003541,64716550,East,1,7347010
81,64709,6470007664010,1,647000003556,64716550,East,1,7664010
81,64709,6470007956010,1,647000003530,64716550,East,1,7956010
81,64709,6470008125010,0,647000003529,64716551,West,1,8125010
81,64709,6470008480010,0,647000003528,64716551,West,1,8480010
81,64709,6470008730010,0,647000003540,64716551,West,1,8730010
81,64709,6470009392010,1,647000003589,64716550,East,1,9392010
81,64709,6470009455010,0,647000003529,64716551,West,1,9455010
81,64709,6470009627010,1,647000003530,64716550,East,1,9627010
81,64709,6470009958010,0,647000003530,64716551,West,1,9958010
81,64709,6470010512010,0,647000003521,64716551,West,1,10512010
81,64709,6470010546010,0,647000003586,64716551,West,1,10546010
81,64709,6470010691010,0,647000003530,64716551,West,1,10691010
81,64709,6470011445010,1,647000003522,64716550,East,1,11445010
81,64709,6470011816010,1,647000003528,64716550,East,1,11816010
81,64709,6470012008020,1,647000001114,64716550,East,1,12008020
81,64709,6470012015010,0,647000003556,64716551,West,1,12015010
81,64709,6470012107010,1,647000003540,64716550,East,1,12107010
81,64709,6470012470010,1,647000003530,64716550,East,1,12470010
81,64709,6470012508010,1,647000003541,64716550,East,1,12508010
81,64709,6470012998010,1,647000003529,64716550,East,1,12998010
81,64709,6470013252010,1,647000003529,64716550,East,1,13252010
81,64709,6470013794010,0,647000003528,64716551,West,1,13794010
81,64709,6470014300010,1,647000003521,64716550,East,1,14300010
81,64709,6470014997010,0,647000003529,64716551,West,1,14997010
81,64709,6470015627010,0,647000003541,64716551,West,1,15627010
81,64709,6470015684010,0,647000003540,64716551,West,1,15684010
81,64709,6470016134010,1,647000003528,64716550,East,1,16134010
81,64709,6470016240010,0,647000003541,64716551,West,1,16240010
81,64709,6470016271010,1,647000003530,64716550,East,1,16271010
81,64709,6470016744010,0,647000003541,64716551,West,1,16744010
81,64709,6470016903010,1,647000003589,64716550,East,1,16903010
81,64709,6470017030010,1,647000003529,64716550,East,1,17030010
81,64709,6470017155010,0,647000003556,64716551,West,1,17155010
81,64709,6470018185010,0,647000003529,64716551,West,1,18185010
81,64709,6470018212010,1,647000003540,64716550,East,1,18212010
81,64709,6470018710010,1,647000003556,64716550,East,1,18710010
81,64709,6470018951010,1,647000003540,64716550,East,1,18951010
81,64709,6470019399010,0,647000003528,64716551,West,1,19399010
81,64709,6470019562010,0,647000003522,64716551,West,1,19562010
81,64709,6470019563010,1,647000003589,64716550,East,1,19563010
81,64709,6470019709010,1,647000003541,64716550,East,1,19709010
81,64709,6470020361010,1,647000003528,64716550,East,1,20361010
81,64709,6470021101010,1,647000003540,64716550,East,1,21101010
81,64709,6470021248010,0,647000003586,64716551,West,1,21248010
81,64709,6470021375010,1,647000003539,64716550,East,1,21375010
81,64709,6470021823020,0,647000001113,64716551,West,1,21823020
81,64709,6470022059010,1,647000003529,64716550,East,1,22059010
81,64709,6470022357010,0,647000003528,64716551,West,1,22357010
81,64709,6470022725010,0,647000003528,64716551,West,1,22725010
81,64709,6470023013010,0,647000003530,64716551,West,1,23013010
81,64709,6470023230010,1,647000003586,64716550,East,1,23230010
81,64709,6470024359010,0,647000003541,64716551,West,1,24359010
81,64709,6470024565010,0,647000003589,64716551,West,1,24565010
81,64709,6470024976010,0,647000003530,64716551,West,1,24976010
81,64709,6470025326010,0,647000003522,64716551,West,1,25326010
81,64709,6470025610010,0,647000003540,64716551,West,1,25610010
81,64709,6470025918010,0,647000003556,64716551,West,1,25918010
81,64709,6470026257010,0,647000003586,64716551,West,1,26257010
81,64709,6470026271010,1,647000003529,64716550,East,1,26271010
81,64709,6470026362010,0,647000003528,64716551,West,1,26362010
81,64709,6470026581010,1,647000003528,64716550,East,1,26581010
81,64709,6470026671010,1,647000003540,64716550,East,1,26671010
81,64709,6470026933010,1,647000003521,64716550,East,1,26933010
81,64709,6470027440010,0,647000003529,64716551,West,1,27440010
81,64709,6470027743010,1,647000003522,64716550,East,1,27743010
81,64709,6470028083010,1,647000003522,64716550,East,1,28083010
81,64709,6470028284010,1,647000003529,64716550,East,1,28284010
81,64709,6470028335010,1,647000003586,64716550,East,1,28335010
81,64709,6470028465010,1,647000003556,64716550,East,1,28465010
81,64709,6470028533010,0,647000003529,64716551,West,1,28533010
81,64709,6470028760010,1,647000003522,64716550,East,1,28760010
81,64709,6470028761010,0,647000003540,64716551,West,1,28761010
81,64709,6470028818010,0,647000003522,64716551,West,1,28818010
81,64709,6470028958010,1,647000003530,64716550,East,1,28958010
81,64709,6470029071010,1,647000003528,64716550,East,1,29071010
81,64709,6470029187010,0,647000003522,64716551,West,1,29187010
81,64709,6470029278010,1,647000003528,64716550,East,1,29278010
81,64709,6470029399010,1,647000003528,64716550,East,1,29399010
81,64709,6470030083010,1,647000003522,64716550,East,1,30083010
81,64709,6470030269010,1,647000003522,64716550,East,1,30269010
81,64709,6470030535010,1,647000003529,64716550,East,1,30535010
81,64709,6470030652010,1,647000003556,64716550,East,1,30652010
81,64709,6470030737010,0,647000003556,64716551,West,1,30737010
81,64709,6470030981020,1,647000001114,64716550,East,1,30981020
81,64709,6470031178010,0,647000003529,64716551,West,1,31178010
81,64709,6470031706010,1,647000003541,64716550,East,1,31706010
81,64709,6470031973010,0,647000003530,64716551,West,1,31973010
81,64709,6470031995020,1,647000001113,64716550,East,1,31995020
81,64709,6470032481010,1,647000003540,64716550,East,1,32481010
81,64709,6470032508010,0,647000003521,64716551,West,1,32508010
81,64709,6470033104010,1,647000003530,64716550,East,1,33104010
81,64709,6470033131010,0,647000003556,64716551,West,1,33131010
81,64709,6470033678010,1,647000003528,64716550,East,1,33678010
81,64709,6470033862010,1,647000003540,64716550,East,1,33862010
81,64709,6470033955020,0,647000001114,64716551,West,1,33955020
81,64709,6470034359010,0,647000003540,64716551,West,1,34359010
81,64709,6470034433010,0,647000003530,64716551,West,1,34433010
81,64709,6470034579010,1,647000003522,64716550,East,1,34579010
81,64709,6470034743010,0,647000003541,64716551,West,1,34743010
81,64709,6470035484010,1,647000003540,64716550,East,1,35484010
81,64709,6470035562010,1,647000003528,64716550,East,1,35562010
81,64709,6470036688010,0,647000003541,64716551,West,1,36688010
81,64709,6470036734010,1,647000003529,64716550,East,1,36734010
81,64709,6470036814010,1,647000003530,64716550,East,1,36814010
81,64709,6470036900010,1,647000003556,64716550,East,1,36900010
81,64709,6470036959010,0,647000003539,64716551,West,1,36959010
81,64709,6470037136020,1,647000001114,64716550,East,1,37136020
81,64709,6470037151010,1,647000003522,64716550,East,1,37151010
81,64709,6470037163010,0,647000003529,64716551,West,1,37163010
81,64709,6470037621010,0,647000003589,64716551,West,1,37621010
81,64709,6470037638010,1,647000003528,64716550,East,1,37638010
81,64709,6470038417010,0,647000003528,64716551,West,1,38417010
81,64709,6470038433010,1,647000003530,64716550,East,1,38433010
81,64709,6470038721010,1,647000003556,64716550,East,1,38721010
81,64709,6470038723020,0,647000001114,64716551,West,1,38723020
81,64709,6470038776010,0,647000003556,64716551,West,1,38776010
81,64709,6470038861010,1,647000003541,64716550,East,1,38861010
81,64709,6470039468010,0,647000003589,64716551,West,1,39468010
81,64709,6470039509010,1,647000003530,64716550,East,1,39509010
81,64709,6470039877010,0,647000003528,64716551,West,1,39877010
81,64709,6470040333020,0,647000001113,64716551,West,1,40333020
81,64709,6470040381010,1,647000003541,64716550,East,1,40381010
81,64709,6470040733020,1,647000001113,64716550,East,1,40733020
81,64709,6470041566010,0,647000003530,64716551,West,1,41566010
81,64709,6470041783010,1,647000003528,64716550,East,1,41783010
81,64709,6470041895010,0,647000003529,64716551,West,1,41895010
81,64709,6470042492010,0,647000003522,64716551,West,1,42492010
81,64709,6470042733010,0,647000003530,64716551,West,1,42733010
81,64709,6470043610010,1,647000003586,64716550,East,1,43610010
81,64709,6470044091010,1,647000003589,64716550,East,1,44091010
81,64709,6470045705010,0,647000003522,64716551,West,1,45705010
81,64709,6470046324010,0,647000003522,64716551,West,1,46324010
81,64709,6470046439010,0,647000003589,64716551,West,1,46439010
81,64709,6470046752010,0,647000003530,64716551,West,1,46752010
81,64709,6470047031010,1,647000003530,64716550,East,1,47031010
81,64709,6470047124010,0,647000003522,64716551,West,1,47124010
81,64709,6470047417010,0,647000003528,64716551,West,1,47417010
81,64709,6470047523010,0,647000003530,64716551,West,1,47523010
81,64709,6470047990010,1,647000003528,64716550,East,1,47990010
81,64709,6470048221010,0,647000003556,64716551,West,1,48221010
81,64709,6470048567010,1,647000003522,64716550,East,1,48567010
81,64712,6470005133020,0,647000001625,64716551,West,1,5133020
81,64712,6470008270020,1,647000001625,64716550,East,1,8270020
81,64712,6470025176020,0,647000001625,64716551,West,1,25176020
81,64712,6470025472020,1,647000001566,64716550,East,1,25472020
81,64712,6470031869020,0,647000001627,64716551,West,1,31869020
81,64712,6470031983020,0,647000001566,64716551,West,1,31983020
81,64712,6470033700020,1,647000001625,64716550,East,1,33700020
81,64715,6470001391010,0,647000003512,64716551,West,1,1391010
81,64715,6470007141020,1,647000001114,64716550,East,1,7141020
81,64715,6470022234010,0,647000003540,64716551,West,1,22234010
81,64715,6470029053020,1,647000001114,64716550,East,1,29053020
81,64715,6470029072020,0,647000001114,64716551,West,1,29072020
81,64715,6470033468020,0,647000001114,64716551,West,1,33468020
81,64715,6470037294020,0,647000001113,64716551,West,1,37294020
81,64715,6470041627010,1,647000003513,64716550,East,1,41627010
81,64715,6470041750010,1,647000003512,64716550,East,1,41750010
81,64715,6470043632020,0,647000001113,64716551,West,1,43632020
81,64715,6470045994020,1,647000001113,64716550,East,1,45994020
81,64715,6470047226010,0,647000003513,64716551,West,1,47226010
81,64715,6470047878020,1,647000001113,64716550,East,1,47878020
