route_id,service_id,trip_id,direction_id,block_id,shape_id,direction,wheelchair_accessible,schd_trip_id
20,62601,6260910028020,1,626055899302,62602063,East,1,910028020
20,62601,6260910030020,1,626055899302,62600956,East,1,910030020
20,62601,6260910032020,1,626055899402,62602063,East,1,910032020
20,62601,6260910034020,1,626055899402,62600951,East,1,910034020
20,62601,6260910036020,1,626055899402,62600956,East,1,910036020
20,62601,6260910043020,1,626055899602,62602063,East,1,910043020
20,62601,6260910458020,1,626055906202,62600956,East,1,910458020
20,62601,6260910461020,1,626055906202,62602063,East,1,910461020
20,62601,6260910504020,1,626055906302,62602063,East,1,910504020
20,62601,6260910506020,1,626055906302,62602063,East,1,910506020
20,62601,6260910579020,1,626055899102,62602063,East,1,910579020
20,62601,6260910588020,1,626055899202,62600956,East,1,910588020
20,62601,6260910929020,1,626055899202,62602063,East,1,910929020
20,62601,6260910941020,1,626055892502,62602063,East,1,910941020
20,62601,6260910949020,1,626055892302,62600957,East,1,910949020
20,62601,6260910953020,1,626055899202,62602063,East,1,910953020
20,62601,6260910955020,1,626055896202,62602063,East,1,910955020
20,62601,6260910985020,1,626055892202,62602063,East,1,910985020
20,62601,6260910986020,1,626055892302,62602063,East,1,910986020
20,62601,6260911000030,1,626055899503,62602063,East,1,911000030
20,62601,6260911001030,1,626055899503,62600959,East,1,911001030
20,62601,6260911004030,1,626055899503,62602063,East,1,911004030
20,62601,6260911018020,1,626055896102,62602063,East,1,911018020
20,62601,6260911025020,1,626055892302,62600956,East,1,911025020
20,62601,6260911207020,1,626055885002,62602063,East,1,911207020
20,62601,6260911209020,1,626055885002,62600956,East,1,911209020
20,62601,6260911214020,1,626055908102,62602063,East,1,911214020
20,62601,6260911216020,1,626055908102,62600957,East,1,911216020
20,62601,6260911217020,1,626055908102,62600957,East,1,911217020
20,62601,6260911219020,1,626055908102,62600957,East,1,911219020
20,62601,6260911221020,1,626055908102,62602063,East,1,911221020
20,62601,6260911223020,1,626055908102,62602063,East,1,911223020
20,62601,6260911226020,1,626055908102,62600957,East,1,911226020
20,62601,6260911228020,1,626055908102,62600957,East,1,911228020
20,62601,6260911230020,1,626055908102,62600959,East,1,911230020
20,62601,6260911240020,1,626055907802,62602063,East,1,911240020
20,62601,6260911242020,1,626055907802,62602063,East,1,911242020
20,62601,6260911244020,1,626055907802,62600957,East,1,911244020
20,62601,6260911246020,1,626055907802,62600957,East,1,911246020
20,62601,6260911247020,1,626055907802,62602063,East,1,911247020
20,62601,6260911249020,1,626055907802,62602063,East,1,911249020
20,62601,6260911251020,1,626055907802,62600957,East,1,911251020
20,62601,6260911254020,1,626055907802,62600957,East,1,911254020
20,62601,6260911256020,1,626055907802,62600957,East,1,911256020
20,62601,6260911261020,1,626055907402,62602063,East,1,911261020
20,62601,6260911263020,1,626055907402,62602063,East,1,911263020
20,62601,6260911265020,1,626055907402,62600957,East,1,911265020
20,62601,6260911267020,1,626055907402,62600957,East,1,911267020
20,62601,6260911271020,1,626055907402,62600957,East,1,911271020
20,62601,6260911272020,1,626055907402,62602063,East,1,911272020
20,62601,6260911274020,1,626055907402,62602063,East,1,911274020
20,62601,6260911276020,1,626055907402,62600957,East,1,911276020
20,62601,6260911278020,1,626055907402,62600957,East,1,911278020
20,62601,6260911280020,1,626055907402,62600956,East,1,911280020
20,62601,6260911283020,1,626055897602,62602063,East,1,911283020
20,62601,6260911285020,1,626055897602,62602063,East,1,911285020
20,62601,6260911287020,1,626055897602,62600957,East,1,911287020
20,62601,6260911290020,1,626055897602,62600957,East,1,911290020
20,62601,6260911292020,1,626055897602,62600957,East,1,911292020
20,62601,6260911294020,1,626055897602,62602063,East,1,911294020
20,62601,6260911297020,1,626055897602,62600956,East,1,911297020
20,62601,6260911298020,1,626055897402,62602063,East,1,911298020
20,62601,6260911301020,1,626055897402,62600957,East,1,911301020
20,62601,6260911303020,1,626055897402,62600957,East,1,911303020
20,62601,6260911307020,1,626055897402,62600957,East,1,911307020
20,62601,6260911308020,1,626055897402,62602063,East,1,911308020
20,62601,6260911310020,1,626055897402,62602063,East,1,911310020
20,62601,6260911312020,1,626055897402,62600956,East,1,911312020
20,62601,6260911316020,1,626055897302,62602063,East,1,911316020
20,62601,6260911318020,1,626055897302,62602063,East,1,911318020
20,62601,6260911320020,1,626055897302,62600957,East,1,911320020
20,62601,6260911322020,1,626055897302,62600957,East,1,911322020
20,62601,6260911324020,1,626055897302,62602063,East,1,911324020
20,62601,6260911326020,1,626055897302,62602063,East,1,911326020
20,62601,6260911327020,1,626055897302,62600957,East,1,911327020
20,62601,6260911329020,1,626055897302,62600957,East,1,911329020
20,62601,6260911333020,1,626055897302,62600957,East,1,911333020
20,62601,6260911354020,1,626055887002,62602063,East,1,911354020
20,62601,6260911358020,1,626055887002,62602063,East,1,911358020
20,62601,6260911359020,1,626055887002,62600957,East,1,911359020
20,62601,6260911361020,1,626055887002,62600957,East,1,911361020
20,62601,6260911363020,1,626055887002,62600956,East,1,911363020
20,62601,6260911364020,1,626055887302,62602063,East,1,911364020
20,62601,6260911370020,1,626055887302,62600957,East,1,911370020
20,62601,6260911377020,1,626055897502,62602063,East,1,911377020
20,62601,6260911381020,1,626055907002,62602063,East,1,911381020
20,62601,6260911384020,1,626055907002,62602063,East,1,911384020
20,62601,6260911386020,1,626055907002,62602063,East,1,911386020
20,62601,6260911391020,1,626055907702,62602063,East,1,911391020
20,62601,6260911393020,1,626055907702,62600957,East,1,911393020
20,62601,6260911394020,1,626055907702,62602063,East,1,911394020
20,62601,6260911397020,1,626055907702,62600957,East,1,911397020
20,62601,6260911399020,1,626055907702,62600956,East,1,911399020
20,62601,6260911409030,1,626055907603,62602063,East,1,911409030
20,62601,6260911411030,1,626055907603,62602063,East,1,911411030
20,62601,6260911412030,1,626055907603,62600957,East,1,911412030
20,62601,6260911414030,1,626055907603,62602063,East,1,911414030
20,62601,6260911417030,1,636055907603,62600957,East,1,911417030
20,62601,6260911418030,1,636055907603,62602063,East,1,911418030
20,62601,6260911420030,1,636055907603,62602063,East,1,911420030
20,62601,6260911423030,1,636055907603,62600957,East,1,911423030
20,62601,6260911426030,1,636055907603,62600956,East,1,911426030
20,62601,6260911427020,1,626055907502,62600951,East,1,911427020
20,62601,6260911432020,1,626055907502,62602063,East,1,911432020
20,62601,6260911434020,1,626055907502,62602063,East,1,911434020
20,62601,6260911436020,1,626055907502,62600956,East,1,911436020
20,62601,6260911444020,1,626055908002,62600951,East,1,911444020
20,62601,6260911445020,1,626055908002,62602063,East,1,911445020
20,62601,6260911447020,1,626055908002,62600957,East,1,911447020
20,62601,6260911448020,1,626055908002,62602063,East,1,911448020
20,62601,6260911453020,1,626055908002,62600956,East,1,911453020
20,62601,6260911455020,1,626055907902,62600957,East,1,911455020
20,62601,6260911457020,1,626055907902,62602063,East,1,911457020
20,62601,6260911460020,1,626055907902,62600957,East,1,911460020
20,62601,6260911462020,1,626055907902,62602063,East,1,911462020
20,62601,6260911463020,1,626055907902,62600956,East,1,911463020
20,62601,6260911465020,1,626055907902,62602063,East,1,911465020
20,62601,6260911502020,1,626055892502,62600956,East,1,911502020
20,62601,6260911589020,1,626055889302,62602063,East,1,911589020
20,62601,6260911591020,1,626055889302,62600956,East,1,911591020
20,62601,6260911853020,1,626055882902,62602063,East,1,911853020
20,62601,6260911862020,1,626055898602,62602062,East,1,911862020
20,62601,6260911864020,1,626055898602,62602063,East,1,911864020
20,62601,6260911866020,1,626055898602,62602063,East,1,911866020
20,62601,6260911869020,1,626055898602,62600957,East,1,911869020
20,62601,6260911871020,1,626055898602,62600957,East,1,911871020
20,62601,6260911872020,1,626055898602,62600959,East,1,911872020
20,62601,6260911878020,1,626055898502,62602063,East,1,911878020
20,62601,6260911880020,1,626055898502,62600957,East,1,911880020
20,62601,6260911882020,1,626055898502,62600957,East,1,911882020
20,62601,6260911884020,1,626055898502,62600957,East,1,911884020
20,62601,6260911886020,1,626055898502,62602063,East,1,911886020
20,62601,6260911888020,1,626055898502,62602063,East,1,911888020
20,62601,6260911892020,1,626055898502,62600956,East,1,911892020
20,62601,6260911898030,1,626055898403,62600959,East,1,911898030
20,62601,6260911900030,1,626055898403,62602063,East,1,911900030
20,62601,6260911903030,1,626055898403,62602063,East,1,911903030
20,62601,6260911905030,1,626055898403,62600957,East,1,911905030
20,62601,6260911907030,1,626055898403,62600957,East,1,911907030
20,62601,6260911908030,1,636055898403,62600957,East,1,911908030
20,62601,6260911909030,1,636055898403,62600956,East,1,911909030
20,62601,6260911911030,1,636055898403,62602063,East,1,911911030
20,62601,6260911931020,1,626055887902,62600957,East,1,911931020
20,62601,6260911933020,1,626055887902,62602063,East,1,911933020
20,62601,6260911935020,1,626055887902,62600957,East,1,911935020
20,62601,6260911937020,1,626055887902,62602063,East,1,911937020
20,62601,6260911939020,1,626055887902,62602063,East,1,911939020
20,62601,6260911941020,1,626055887902,62600956,East,1,911941020
20,62601,6260911945020,1,626055898902,62602063,East,1,911945020
20,62601,6260911947020,1,626055898902,62600956,East,1,911947020
20,62601,6260911948020,1,626055896102,62600956,East,1,911948020
20,62601,6260911953020,1,626055887802,62602063,East,1,911953020
20,62601,6260911955020,1,626055887802,62602063,East,1,911955020
20,62601,6260911956020,1,626055887802,62600957,East,1,911956020
20,62601,6260911957020,1,626055887802,62600957,East,1,911957020
20,62601,6260911961020,1,626055887802,62602063,East,1,911961020
20,62601,6260911963020,1,626055887802,62600956,East,1,911963020
20,62601,6260911972020,1,626055887702,62602063,East,1,911972020
20,62602,6260911438030,1,626055907603,62600957,East,1,911438030
20,62602,6260911916030,1,626055898403,62600959,East,1,911916030
20,62604,6260911009030,1,626055899503,62600959,East,1,911009030
20,62604,6260911011030,1,626055899503,62600959,East,1,911011030
20,62604,6260911439030,1,626055907603,62600959,East,1,911439030
20,62604,6260911441030,1,626055907603,62600959,East,1,911441030
20,62604,6260911918030,1,626055898403,62600959,East,1,911918030
20,62605,6260914312070,1,626055913307,62600959,East,1,914312070
20,62605,6260914314070,1,626055913207,62600957,East,1,914314070
20,62606,6260914161070,1,626055913007,62600957,East,1,914161070
20,62606,6260914167070,1,636055913307,62600957,East,1,914167070
20,62606,6260914168070,1,636055913407,62600957,East,1,914168070
20,62606,6260914169070,1,636055913307,62600956,East,1,914169070
20,62606,6260914171070,1,636055913407,62600957,East,1,914171070
20,62606,6260914172070,1,636055913407,62600957,East,1,914172070
20,62606,6260914177070,1,636055913207,62600957,East,1,914177070
20,62606,6260914178070,1,636055913307,62600957,East,1,914178070
20,62606,6260914179070,1,636055913207,62600957,East,1,914179070
20,62606,6260914180070,1,636055913407,62600957,East,1,914180070
20,62606,6260914181070,1,636055913207,62600957,East,1,914181070
20,62606,6260914182070,1,636055913307,62600957,East,1,914182070
20,62606,6260914183070,1,636055913207,62600956,East,1,914183070
20,62606,6260914192070,1,626055913407,62600957,East,1,914192070
20,62606,6260914193070,1,626055913307,62600957,East,1,914193070
20,62606,6260914194070,1,636055913207,62600957,East,1,914194070
20,62606,6260914195070,1,636055913307,62600957,East,1,914195070
20,62606,6260914196070,1,636055913407,62600957,East,1,914196070
20,62606,6260914199070,1,626055913107,62600957,East,1,914199070
20,62606,6260914204070,1,636055913407,62600959,East,1,914204070
20,62606,6260914207070,1,626055913107,62600957,East,1,914207070
20,62606,6260914209070,1,636055913407,62600957,East,1,914209070
20,62606,6260914210070,1,626055913107,62600957,East,1,914210070
20,62606,6260914213070,1,626055913407,62600957,East,1,914213070
20,62606,6260914214070,1,626055913207,62600957,East,1,914214070
20,62606,6260914215070,1,626055913107,62600957,East,1,914215070
20,62606,6260914216070,1,626055913107,62600957,East,1,914216070
20,62606,6260914218070,1,626055913307,62600957,East,1,914218070
20,62606,6260914223070,1,626055913207,62600957,East,1,914223070
20,62606,6260914224070,1,626055912707,62600956,East,1,914224070
20,62606,6260914225070,1,626055912707,62600957,East,1,914225070
20,62606,6260914228070,1,626055912707,62600957,East,1,914228070
20,62606,6260914229070,1,626055912707,62600957,East,1,914229070
20,62606,6260914230070,1,626055913407,62600957,East,1,914230070
20,62606,6260914236070,1,626055913007,62600957,East,1,914236070
20,62606,6260914237070,1,626055913007,62600957,East,1,914237070
20,62606,6260914238070,1,626055913207,62600957,East,1,914238070
20,62606,6260914240070,1,626055913307,62600957,East,1,914240070
20,62606,6260914242070,1,626055913007,62600957,East,1,914242070
20,62606,6260914243070,1,626055913107,62600956,East,1,914243070
20,62606,6260914246070,1,626055913007,62600957,East,1,914246070
20,62606,6260914247070,1,626055913007,62600957,East,1,914247070
20,62606,6260914248070,1,626055913007,62600957,East,1,914248070
20,62606,6260914249070,1,626055913307,62600957,East,1,914249070
20,62606,6260914251070,1,626055913407,62600957,East,1,914251070
20,62606,6260914259070,1,626055915907,62600957,East,1,914259070
20,62606,6260914261070,1,626055915907,62600957,East,1,914261070
20,62606,6260914262070,1,626055915907,62600957,East,1,914262070
20,62606,6260914264070,1,626055913207,62600959,East,1,914264070
20,62606,6260914269070,1,626055915907,62600957,East,1,914269070
20,62606,6260914271070,1,626055915907,62600957,East,1,914271070
20,62606,6260914276070,1,626055915907,62600957,East,1,914276070
20,62606,6260914278070,1,626055913407,62600959,East,1,914278070
20,62606,6260914280070,1,626055912907,62600957,East,1,914280070
20,62606,6260914282070,1,626055913307,62600959,East,1,914282070
20,62606,6260914284070,1,626055912907,62600956,East,1,914284070
20,62606,6260914287070,1,626055912907,62600957,East,1,914287070
20,62606,6260914289070,1,626055912907,62600957,East,1,914289070
20,62606,6260914290070,1,626055912907,62600957,East,1,914290070
20,62606,6260914291070,1,626055912907,62600957,East,1,914291070
20,62606,6260914299070,1,626055912907,62600957,East,1,914299070
20,62606,6260914300070,1,626055912807,62600957,East,1,914300070
20,62606,6260914301070,1,626055912807,62600956,East,1,914301070
20,62606,6260914302070,1,626055912807,62600957,East,1,914302070
20,62606,6260914304070,1,626055912807,62600957,East,1,914304070
20,62606,6260914305070,1,626055912807,62600957,East,1,914305070
20,62606,6260914317070,1,626055916707,62600957,East,1,914317070
20,62606,6260914318070,1,626055916707,62600957,East,1,914318070
20,62606,6260914319070,1,626055916707,62600959,East,1,914319070
20,62606,6260914320070,1,626055916707,62600957,East,1,914320070
20,62606,6260914321070,1,626055916707,62600957,East,1,914321070
20,62606,6260914324070,1,626055916707,62600957,East,1,914324070
20,62606,6260914325070,1,626055916707,62600957,East,1,914325070
20,62606,6260914327070,1,626055916707,62600957,East,1,914327070
20,62606,6260914329070,1,626055916707,62600957,East,1,914329070
20,62606,6260914338070,1,626055912607,62600957,East,1,914338070
20,62606,6260914339070,1,626055912607,62600957,East,1,914339070
20,62606,6260914340070,1,626055912607,62600956,East,1,914340070
20,62606,6260914341070,1,626055912607,62600957,East,1,914341070
20,62606,6260914342070,1,626055912607,62600957,East,1,914342070
20,62606,6260914343070,1,626055912607,62600957,East,1,914343070
20,62606,6260914345070,1,626055912607,62600957,East,1,914345070
20,62606,6260914348070,1,626055912607,62600957,East,1,914348070
20,62606,6260914349070,1,626055912607,62600957,East,1,914349070
20,62606,6260914351070,1,626055912607,62600957,East,1,914351070
20,62606,6260914359070,1,626055912507,62600956,East,1,914359070
20,62606,6260914361070,1,626055912507,62600957,East,1,914361070
20,62606,6260914362070,1,626055912507,62600957,East,1,914362070
20,62606,6260914363070,1,626055912507,62600957,East,1,914363070
20,62606,6260914364070,1,626055912507,62600957,East,1,914364070
20,62606,6260914366070,1,626055912507,62600957,East,1,914366070
20,62606,6260914373070,1,626055912507,62600957,East,1,914373070
20,62606,6260914374070,1,626055912407,62600957,East,1,914374070
20,62606,6260914375070,1,626055912407,62600956,East,1,914375070
20,62606,6260914376070,1,626055912407,62600957,East,1,914376070
20,62606,6260914377070,1,626055912407,62600957,East,1,914377070
20,62606,6260914378070,1,626055912407,62600957,East,1,914378070
20,62606,6260914379070,1,626055912407,62600957,East,1,914379070
20,62606,6260914380070,1,626055912407,62600957,East,1,914380070
20,62606,6260914381070,1,626055912407,62600957,East,1,914381070
20,62606,6260914383070,1,626055912407,62600957,East,1,914383070
20,62606,6260914384070,1,626055912407,62600957,East,1,914384070
20,62606,6260914701070,1,626055912407,62600957,East,1,914701070
20,62606,6260914703070,1,626055915907,62600957,East,1,914703070
20,62606,6260914706070,1,626055912907,62600957,East,1,914706070
20,62606,6260916598010,1,626055925001,62600959,East,1,916598010
20,62606,6260916644010,1,626055925401,62600957,East,1,916644010
20,62607,6260914266070,1,626055913407,62600959,East,1,914266070
20,62607,6260914270070,1,626055913207,62600959,East,1,914270070
20,62607,6260914275070,1,626055913207,62600959,East,1,914275070
20,62607,6260914288070,1,626055913307,62600959,East,1,914288070
20,62607,6260914306070,1,626055913407,62600959,East,1,914306070
20,62608,6260914164070,1,626055913007,62600956,East,1,914164070
20,62608,6260914166070,1,626055913007,62600959,East,1,914166070
20,62608,6260914211070,1,636055913407,62600956,East,1,914211070
20,62608,6260914260070,1,626055915907,62600956,East,1,914260070
20,62608,6260914311070,1,626055916707,62600956,East,1,914311070
20,62608,6260914326070,1,626055916707,62600959,East,1,914326070
20,62608,6260916605010,1,626055924901,62600959,East,1,916605010
20,62608,6260916608010,1,626055924901,62600959,East,1,916608010
20,62608,6260916617010,1,626055925001,62600959,East,1,916617010
20,62608,6260916639010,1,626055925401,62600959,East,1,916639010
20,62608,6260916648010,1,626055925401,62600959,East,1,916648010
20,62609,6260911403020,1,626055907602,62600957,East,1,911403020
20,62609,6260911891020,1,626055898402,62600959,East,1,911891020
20,62609,6260916584010,1,626055924901,62600959,East,1,916584010
20,62609,6260916586010,1,626055924901,62600957,East,1,916586010
20,62609,6260916587010,1,626055924901,62600957,East,1,916587010
20,62609,6260916588010,1,626055924901,62600957,East,1,916588010
20,62609,6260916590010,1,636055924901,62600957,East,1,916590010
20,62609,6260916592010,1,636055924901,62600957,East,1,916592010
20,62609,6260916596010,1,636055924901,62600957,East,1,916596010
20,62609,6260916601010,1,636055924901,62600957,East,1,916601010
20,62609,6260916604010,1,636055924901,62600957,East,1,916604010
20,62609,6260916606010,1,636055924901,62600956,East,1,916606010
20,62609,6260916614010,1,626055924901,62600957,East,1,916614010
20,62609,6260916616010,1,636055924901,62600957,East,1,916616010
20,62609,6260916619010,1,626055925001,62600959,East,1,916619010
20,62609,6260916620010,1,626055925001,62600957,East,1,916620010
20,62609,6260916622010,1,626055925001,62600957,East,1,916622010
20,62609,6260916625010,1,626055925001,62600957,East,1,916625010
20,62609,6260916627010,1,626055925001,62600957,East,1,916627010
20,62609,6260916630010,1,636055925001,62600957,East,1,916630010
20,62609,6260916632010,1,636055925001,62600957,East,1,916632010
20,62609,6260916633010,1,636055925001,62600957,East,1,916633010
20,62609,6260916635010,1,636055925001,62600957,East,1,916635010
20,62609,6260916637010,1,636055925001,62600957,East,1,916637010
20,62609,6260916641010,1,636055925001,62600956,East,1,916641010
20,62609,6260916650010,1,626055925401,62600959,East,1,916650010
20,62609,6260916652010,1,626055925401,62600957,East,1,916652010
20,62609,6260916653010,1,626055925401,62600957,East,1,916653010
20,62609,6260916655010,1,626055925401,62600957,East,1,916655010
20,62609,6260916656010,1,636055925401,62600957,East,1,916656010
20,62609,6260916658010,1,626055925401,62600957,East,1,916658010
20,62609,6260916661010,1,636055925401,62600957,East,1,916661010
20,62609,6260916663010,1,636055925401,62600956,East,1,916663010
20,62609,6260916668010,1,626055925101,62600957,East,1,916668010
20,62609,6260916669010,1,626055925101,62600957,East,1,916669010
20,62609,6260916671010,1,626055925101,62600957,East,1,916671010
20,62609,6260916674010,1,626055925101,62600957,East,1,916674010
20,62609,6260916677010,1,626055925101,62600957,East,1,916677010
20,62609,6260916678010,1,626055925101,62600957,East,1,916678010
20,62609,6260916680010,1,626055925101,62600959,East,1,916680010
20,62609,6260916686010,1,626055925201,62600957,East,1,916686010
20,62609,6260916688010,1,626055925201,62600957,East,1,916688010
20,62609,6260916689010,1,626055925201,62600956,East,1,916689010
20,62609,6260916693010,1,626055925301,62600957,East,1,916693010
20,62609,6260916695010,1,626055925301,62600957,East,1,916695010
20,62609,6260916697010,1,626055925301,62600957,East,1,916697010
20,62609,6260916699010,1,626055925301,62600957,East,1,916699010
20,62609,6260916702010,1,626055925301,62600957,East,1,916702010
20,62609,6260916704010,1,626055925301,62600957,East,1,916704010
20,62609,6260916705010,1,626055925301,62600957,East,1,916705010
20,62609,6260916707010,1,626055925301,62600956,East,1,916707010
20,62609,6260916708010,1,626055925501,62600957,East,1,916708010
20,62609,6260916714010,1,626055925501,62600957,East,1,916714010
20,62609,6260916715010,1,626055925501,62600957,East,1,916715010
20,62609,6260916718010,1,626055925501,62600957,East,1,916718010
20,62609,6260916720010,1,626055925501,62600957,East,1,916720010
20,62609,6260916722010,1,626055925501,62600957,East,1,916722010
20,62609,6260916724010,1,626055925501,62600957,East,1,916724010
20,62609,6260916725010,1,626055925501,62600957,East,1,916725010
20,62609,6260916727010,1,626055925501,62600957,East,1,916727010
20,62609,6260916729010,1,626055925501,62600957,East,1,916729010
20,62609,6260916731010,1,626055925501,62600959,East,1,916731010
20,62609,6260916740010,1,626055925601,62600957,East,1,916740010
20,62609,6260916741010,1,626055925601,62600957,East,1,916741010
20,62609,6260916744010,1,626055925601,62600957,East,1,916744010
20,62609,6260916746010,1,626055925601,62600957,East,1,916746010
20,62609,6260916748010,1,626055925601,62600957,East,1,916748010
20,62609,6260916750010,1,626055925601,62600957,East,1,916750010
20,62609,6260916751010,1,626055925601,62600957,East,1,916751010
20,62609,6260916754010,1,626055925601,62600957,East,1,916754010
20,62609,6260916756010,1,626055925601,62600956,East,1,916756010
20,62609,6260916760010,1,626055925701,62600957,East,1,916760010
20,62609,6260916761010,1,626055925701,62600957,East,1,916761010
20,62609,6260916763010,1,626055925701,62600957,East,1,916763010
20,62609,6260916765010,1,626055925701,62600957,East,1,916765010
20,62609,6260916767010,1,626055925701,62600957,East,1,916767010
20,62609,6260916769010,1,626055925701,62600957,East,1,916769010
20,62609,6260916771010,1,626055925701,62600957,East,1,916771010
20,62609,6260916774010,1,626055925701,62600957,East,1,916774010
20,62609,6260916776010,1,626055925701,62600957,East,1,916776010
20,62609,6260916781010,1,626055925801,62600957,East,1,916781010
20,62609,6260916783010,1,626055925801,62600957,East,1,916783010
20,62609,6260916785010,1,626055925801,62600957,East,1,916785010
20,62609,6260916787010,1,626055925801,62600957,East,1,916787010
20,62609,6260916790010,1,626055925801,62600957,East,1,916790010
20,62609,6260916792010,1,626055925801,62600957,East,1,916792010
20,62609,6260916794010,1,626055925801,62600957,East,1,916794010
20,62609,6260916796010,1,626055925801,62600957,East,1,916796010
20,62609,6260916797010,1,626055925801,62600957,East,1,916797010
20,62609,6260916799010,1,626055925801,62600957,East,1,916799010
20,62612,6260911233020,1,626055908102,62600959,East,1,911233020
20,62612,6260911234020,1,626055908102,62600956,East,1,911234020
20,62612,6260911258020,1,626055907802,62600956,East,1,911258020
20,62612,6260911336020,1,626055897302,62600959,East,1,911336020
20,62612,6260911337020,1,626055897302,62600956,East,1,911337020
20,62612,6260911875020,1,626055898602,62600956,East,1,911875020
20,62615,6260910997020,1,626055899502,62600959,East,1,910997020
20,62615,6260910998020,1,626055899502,62600959,East,1,910998020
20,62615,6260911405020,1,626055907602,62600959,East,1,911405020
20,62615,6260911407020,1,626055907602,62600959,East,1,911407020
20,62615,6260911897020,1,626055898402,62600959,East,1,911897020
20,62615,6260916675010,1,626055925101,62600956,East,1,916675010
20,62615,6260916733010,1,626055925501,62600959,East,1,916733010
20,62615,6260916735010,1,626055925501,62600956,East,1,916735010
20,62615,6260916778010,1,626055925701,62600956,East,1,916778010
20,62615,6260916800010,1,626055925801,62600956,East,1,916800010
20,62615,6260916802010,1,626055925801,62600959,East,1,916802010
