1 {
386 25281.72 1
388 25382.28 1
389 25404.7 2
390 25426.41 2
391 25444.14 2
14956 25473.76 2
393 25514.8 2
394 25545.97 3
395 25586.77 3
396 25623.2 3
397 25682.23 6
17169 25793.62 6
17162 25873.06 6
14959 25967.81 5
402 26041.52 5
403 26074.88 5
17163 26115.4 6
15848 26181.64 7
406 26226.06 7
14500 26288.04 7
15852 26372.18 7
409 26407.86 8
18047 26487.42 8
17841 26541.68 8
412 26585.0 8
413 26626.44 9
14764 26722.32 9
415 26767.42 8
416 26851.47 9
417 26919.39 9
15185 26953.04 9
16110 27009.06 9
420 27051.26 9
421 27082.7 9
16088 27107.78 9
423 27138.74 10
15364 27274.48 10
425 27362.91 10
15384 27405.4 11
427 27463.05 11
428 27496.1 11
429 27528.43 11
430 27563.7 11
431 27610.25 10
4727 27653.53 10
432 27767.21 10
15279 27834.07 10
16049 27879.96 11
435 27970.09 13
436 28053.9 12
437 28130.05 13
14647 28202.18 13
439 28253.54 13
440 28356.69 12
12754 28431.24 12
442 28531.84 11
443 28728.39 11
445 29044.85 11
446 29127.88 9
18122 29255.42 12
448 29348.97 6
1119 29471.39 5
1120 29542.18 4
1121 29608.79 4
3953 29688.76 3
3954 29727.56 3
8613 29925.46 0
     }
- - - - - -
2 {
386 25506.21 0
388 25604.29 1
389 25643.96 2
390 25683.42 2
391 25703.76 3
14956 25798.76 3
393 25819.85 3
394 25858.38 5
395 25880.01 5
396 25908.91 6
397 25963.97 7
17169 26003.67 7
17162 26055.96 7
14959 26153.45 7
402 26205.16 7
403 26232.74 7
17163 26247.25 7
15848 26324.35 7
406 26361.29 7
14500 26423.95 6
15852 26493.09 6
409 26560.37 8
18047 26645.49 8
17841 26735.27 8
412 26805.29 7
413 26849.39 7
14764 26893.7 6
415 26956.21 5
416 27017.54 5
417 27078.12 5
15185 27122.39 5
16110 27154.88 5
420 27195.97 5
421 27220.04 5
16088 27240.83 5
423 27280.37 7
15364 27397.36 6
425 27461.08 6
15384 27497.02 6
427 27560.64 6
428 27596.61 6
429 27661.62 6
430 27695.82 6
431 27772.07 6
4727 27835.2 6
432 27979.24 6
15279 28035.8 9
16049 28070.16 9
435 28132.47 9
436 28204.39 8
437 28251.68 9
14647 28304.06 9
439 28366.85 9
440 28475.31 9
12754 28550.87 9
442 28772.09 8
443 28878.6 7
445 29090.49 6
446 29188.19 5
18122 29307.94 5
448 29430.16 3
1119 29569.33 2
1120 29639.57 2
1121 29705.81 2
3953 29790.84 1
3954 29838.24 1
8613 30010.13 0
     }
- - - - - -
3 {
386 25846.6 0
388 25915.25 0
389 25943.52 0
390 25973.73 0
391 25994.06 1
14956 26050.07 5
393 26108.97 5
394 26128.09 5
395 26180.07 6
396 26218.74 7
397 26278.29 8
17169 26422.06 11
17162 26465.59 12
14959 26541.0 13
402 26605.05 15
403 26639.65 14
17163 26678.57 15
15848 26736.45 17
406 26790.08 17
14500 26818.45 16
15852 26893.49 16
409 26944.68 15
18047 27056.68 14
17841 27128.7 17
412 27208.98 17
413 27246.35 18
14764 27328.82 17
415 27357.9 17
416 27411.94 17
417 27534.66 17
15185 27599.79 17
16110 27652.45 16
420 27721.51 18
421 27761.19 19
16088 27794.0 21
423 27829.79 21
15364 27975.6 21
425 28032.59 23
15384 28075.42 24
427 28116.03 24
428 28179.13 23
429 28207.05 23
430 28239.1 23
431 28306.64 23
4727 28422.03 28
432 28503.49 26
15279 28614.72 26
16049 28648.52 26
435 28715.15 31
436 28790.58 35
437 28874.71 38
14647 28938.95 39
439 29008.39 40
440 29134.03 43
12754 29170.95 43
442 29293.36 41
443 29460.31 49
445 29675.68 44
446 29777.64 34
18122 29876.48 33
448 30129.74 14
1119 30340.21 8
1120 30420.05 7
1121 30468.49 7
3953 30531.07 6
3954 30563.42 6
8613 30763.19 0
     }
- - - - - -
4 {
386 26100.0 0
388 26231.8 1
389 26260.86 1
390 26286.01 1
391 26305.09 1
14956 26379.47 2
393 26416.06 2
394 26436.98 2
395 26467.39 2
396 26494.96 2
397 26553.49 3
17169 26607.49 4
17162 26656.26 4
14959 26779.79 4
402 26833.27 4
403 26876.75 5
17163 26921.97 5
15848 26990.51 6
406 27038.05 5
14500 27090.78 5
15852 27183.66 5
409 27218.08 5
18047 27369.28 6
17841 27433.59 7
412 27495.28 7
413 27552.04 7
14764 27645.37 7
415 27726.63 8
416 27763.13 6
417 27831.12 5
15185 27864.11 5
16110 27911.93 5
420 27951.02 6
421 27971.01 6
16088 27998.56 6
423 28030.32 6
15364 28158.3 8
425 28237.25 10
15384 28320.13 10
427 28355.76 12
428 28460.83 14
429 28527.34 17
430 28571.71 18
431 28657.44 17
4727 28738.19 18
432 28863.44 18
15279 28918.57 19
16049 28958.01 23
435 29043.56 22
436 29095.97 25
437 29168.68 28
14647 29264.0 31
439 29325.44 35
440 29502.97 38
12754 29592.75 39
442 29695.75 38
443 29983.19 36
445 30246.23 30
446 30311.31 24
18122 30488.59 23
448 30667.15 10
1119 30762.52 8
1120 30836.0 7
1121 30891.97 7
3953 30947.52 6
3954 30977.25 6
8613 31117.55 0
     }
- - - - - -
5 {
386 26519.7 2
388 26622.69 3
389 26646.66 3
390 26692.72 4
391 26708.94 4
14956 26753.36 4
393 26773.68 4
394 26802.91 4
395 26847.37 4
396 26904.57 4
397 26954.04 4
17169 27020.36 4
17162 27075.06 5
14959 27185.84 7
402 27245.92 7
403 27260.85 7
17163 27292.94 9
15848 27353.6 10
406 27401.13 10
14500 27484.92 13
15852 27579.98 14
409 27625.09 15
18047 27797.4 17
17841 27870.93 17
412 27935.65 16
413 27991.26 16
14764 28055.54 12
415 28080.22 12
416 28113.4 10
417 28179.17 10
15185 28230.62 10
16110 28285.26 10
420 28354.87 8
421 28373.15 8
16088 28391.56 8
423 28428.76 8
15364 28598.91 9
425 28681.82 8
15384 28731.41 9
427 28797.75 13
428 28863.12 12
429 28923.6 12
430 28958.71 12
431 29009.07 13
4727 29062.06 13
432 29198.11 13
15279 29263.37 14
16049 29296.87 20
435 29345.01 20
436 29399.27 21
437 29461.41 22
14647 29525.73 23
439 29573.38 23
440 29650.65 27
12754 29728.91 27
442 29802.98 26
443 29912.02 27
445 30177.11 23
446 30226.77 20
18122 30306.46 19
448 30445.49 9
1119 30571.37 5
1120 30611.78 4
1121 30651.6 4
3953 30683.01 4
3954 30730.37 4
8613 30890.26 0
     }
- - - - - -
6 {
386 26718.05 0
388 26814.86 2
389 26836.97 3
390 26880.82 4
391 26904.98 4
14956 26960.84 3
393 26995.01 3
394 27021.67 3
395 27060.06 3
396 27118.77 4
397 27167.47 5
17169 27249.34 5
17162 27331.53 6
14959 27414.22 6
402 27475.5 6
403 27510.68 6
17163 27560.8 6
15848 27608.86 5
406 27677.48 4
14500 27705.89 4
15852 27764.65 4
409 27812.0 5
18047 27883.41 5
17841 27977.89 6
412 28022.48 6
413 28095.33 6
14764 28143.96 5
415 28180.33 5
416 28228.96 4
417 28289.32 4
15185 28360.11 4
16110 28413.48 4
420 28454.76 3
421 28487.39 3
16088 28511.12 3
423 28582.21 3
15364 28695.74 4
425 28771.78 3
15384 28832.84 4
427 28894.55 4
428 28966.42 5
429 29012.39 5
430 29044.38 5
431 29091.92 5
4727 29143.3 5
432 29270.02 5
15279 29321.04 5
16049 29339.97 5
435 29413.25 5
436 29513.63 6
437 29617.69 8
14647 29697.72 9
439 29785.47 9
440 29926.25 12
12754 29994.73 13
442 30131.34 14
443 30306.67 20
445 30614.46 18
446 30699.81 14
18122 30771.62 13
448 30883.71 6
1119 31025.0 5
1120 31115.83 4
1121 31192.65 4
3953 31306.35 4
3954 31367.13 4
8613 31528.96 0
     }
- - - - - -
7 {
386 27108.74 1
388 27195.8 1
389 27219.6 1
390 27254.01 2
391 27282.71 3
14956 27364.73 7
393 27395.19 7
394 27428.41 8
395 27482.21 8
396 27530.32 8
397 27584.93 9
17169 27667.75 13
17162 27735.92 13
14959 27812.68 13
402 27839.89 13
403 27879.61 13
17163 27933.3 15
15848 27986.76 15
406 28014.67 14
14500 28059.14 13
15852 28111.55 13
409 28165.35 13
18047 28206.05 13
17841 28259.76 14
412 28309.7 14
413 28342.29 14
14764 28392.13 12
415 28421.97 12
416 28470.01 10
417 28584.86 10
15185 28612.85 10
16110 28655.81 8
420 28693.91 5
421 28719.64 5
16088 28750.17 5
423 28802.92 5
15364 28916.08 5
425 28983.69 5
15384 29022.39 6
427 29093.42 6
428 29188.63 7
429 29231.63 7
430 29279.36 8
431 29337.04 8
4727 29401.8 10
432 29508.08 10
15279 29585.45 10
16049 29621.78 12
435 29725.65 15
436 29790.2 16
437 29840.2 16
14647 29936.13 18
439 30022.11 20
440 30111.64 19
12754 30179.13 19
442 30308.23 17
443 30484.64 22
445 30724.23 20
446 30811.05 15
18122 30901.59 13
448 31060.16 5
1119 31270.26 2
1120 31338.46 2
1121 31417.3 3
3953 31472.89 3
3954 31502.77 3
8613 31632.28 0
     }
- - - - - -
8 {
386 27364.58 0
388 27490.82 0
389 27536.41 0
390 27578.25 0
391 27607.42 1
14956 27670.99 1
393 27705.79 2
394 27728.1 2
395 27779.08 2
396 27840.72 2
397 27891.48 2
17169 27960.17 2
17162 28044.83 2
14959 28161.05 3
402 28196.72 4
403 28235.11 4
17163 28291.66 6
15848 28346.33 7
406 28377.69 6
14500 28447.06 5
15852 28519.03 5
409 28586.6 6
18047 28670.71 6
17841 28731.61 6
412 28780.94 6
413 28818.7 6
14764 28921.89 7
415 28993.99 7
416 29028.88 6
417 29081.08 6
15185 29133.17 6
16110 29195.51 6
420 29266.42 5
421 29292.06 5
16088 29319.85 5
423 29359.07 5
15364 29531.35 4
425 29595.4 4
15384 29636.85 4
427 29695.36 4
428 29748.08 4
429 29777.26 4
430 29836.63 6
431 29888.11 6
4727 29945.32 9
432 30004.62 10
15279 30111.89 9
16049 30147.66 14
435 30228.87 19
436 30295.62 20
437 30371.49 21
14647 30436.23 24
439 30495.09 25
440 30576.17 27
12754 30683.12 27
442 30795.22 27
443 31030.9 25
445 31332.59 23
446 31390.97 19
18122 31511.18 17
448 31635.38 6
1119 31747.97 4
1120 31822.08 3
1121 31875.16 3
3953 31944.16 3
3954 31968.15 3
8613 32140.03 0
     }
- - - - - -
9 {
386 27668.94 0
388 27782.99 0
389 27805.52 0
390 27824.4 0
391 27844.51 0
14956 27927.76 1
393 27963.58 1
394 27990.57 4
395 28033.8 4
396 28056.76 4
397 28104.47 4
17169 28173.11 4
17162 28244.68 4
14959 28312.31 4
402 28346.74 4
403 28387.82 4
17163 28423.34 4
15848 28458.37 4
406 28496.43 3
14500 28542.66 3
15852 28607.36 3
409 28642.69 2
18047 28720.22 2
17841 28801.87 2
412 28861.55 2
413 28893.13 2
14764 28942.72 2
415 29004.5 2
416 29058.34 2
417 29136.32 2
15185 29181.09 2
16110 29236.2 2
420 29299.25 2
421 29317.03 2
16088 29341.77 2
423 29386.36 2
15364 29485.18 5
425 29595.83 5
15384 29634.7 7
427 29677.73 8
428 29738.45 12
429 29807.04 12
430 29841.47 12
431 29929.11 11
4727 29991.87 11
432 30097.98 11
15279 30193.53 10
16049 30243.47 10
435 30279.79 10
436 30339.1 10
437 30427.64 11
14647 30494.8 11
439 30530.51 11
440 30583.67 10
12754 30685.3 10
442 30818.2 9
443 30949.55 13
445 31204.32 12
446 31270.61 10
18122 31376.5 9
448 31507.51 3
1119 31712.82 2
1120 31754.75 2
1121 31814.77 2
3953 31884.01 2
3954 31919.96 2
8613 32140.78 0
     }
- - - - - -
10 {
386 27972.98 0
388 28036.66 0
389 28061.77 0
390 28087.12 0
391 28115.65 0
14956 28196.25 1
393 28241.1 1
394 28268.01 2
395 28316.81 3
396 28350.87 4
397 28408.35 4
17169 28463.08 6
17162 28519.25 5
14959 28590.92 4
402 28625.47 4
403 28641.65 4
17163 28679.07 4
15848 28742.79 4
406 28793.94 4
14500 28835.14 5
15852 28877.4 6
409 28921.02 5
18047 29019.68 5
17841 29113.44 7
412 29204.36 7
413 29262.38 7
14764 29343.15 8
415 29378.15 8
416 29422.73 6
417 29529.96 6
15185 29574.95 6
16110 29616.11 6
420 29646.05 5
421 29684.16 5
16088 29703.85 5
423 29748.17 5
15364 29895.11 5
425 30009.73 5
15384 30064.06 5
427 30126.86 10
428 30188.47 11
429 30235.95 11
430 30269.15 12
431 30322.53 13
4727 30426.62 21
432 30491.59 21
15279 30557.05 22
16049 30594.76 24
435 30653.2 25
436 30814.55 27
437 30874.5 27
14647 30971.65 27
439 31016.23 28
440 31108.4 29
12754 31154.15 29
442 31246.31 27
443 31412.16 25
445 31770.36 25
446 31868.76 21
18122 31960.6 18
448 32054.88 10
1119 32206.63 8
1120 32313.35 7
1121 32371.05 5
3953 32470.71 5
3954 32488.68 5
8613 32670.33 0
     }
- - - - - -
11 {
386 28227.74 0
388 28300.39 2
389 28336.84 2
390 28358.75 2
391 28375.97 2
14956 28423.09 4
393 28474.4 4
394 28497.54 4
395 28538.0 5
396 28589.03 5
397 28679.8 6
17169 28735.45 8
17162 28780.3 10
14959 28923.88 10
402 28965.09 10
403 28993.33 10
17163 29034.27 12
15848 29072.42 12
406 29115.33 11
14500 29160.67 10
15852 29218.88 10
409 29253.87 8
18047 29363.56 8
17841 29453.39 7
412 29491.05 7
413 29520.62 7
14764 29582.35 6
415 29658.36 6
416 29715.66 6
417 29759.14 7
15185 29808.07 9
16110 29841.91 9
420 29881.46 9
421 29907.96 9
16088 29928.37 9
423 29957.05 9
15364 30071.87 8
425 30131.02 8
15384 30168.75 8
427 30221.07 8
428 30301.97 7
429 30356.99 7
430 30426.84 7
431 30501.6 8
4727 30604.61 10
432 30692.51 11
15279 30768.65 12
16049 30810.97 12
435 30887.58 13
436 30998.49 12
437 31068.25 13
14647 31135.68 15
439 31211.12 16
440 31284.89 15
12754 31339.66 15
442 31469.8 14
443 31604.43 13
445 31826.74 12
446 31914.65 10
18122 32076.16 8
448 32218.5 4
1119 32328.31 3
1120 32381.09 3
1121 32462.21 2
3953 32522.87 2
3954 32573.39 2
8613 32688.08 0
     }
- - - - - -
12 {
386 28506.63 5
388 28612.14 6
389 28646.2 6
390 28676.19 6
391 28706.18 7
14956 28787.96 7
393 28818.29 7
394 28847.44 9
395 28884.62 9
396 28939.78 9
397 28977.46 8
17169 29077.03 8
17162 29120.76 8
14959 29182.07 7
402 29228.34 6
403 29252.47 6
17163 29326.48 6
15848 29385.75 7
406 29418.28 9
14500 29467.52 10
15852 29540.92 10
409 29589.61 9
18047 29649.91 9
17841 29721.72 10
412 29803.02 10
413 29844.21 10
14764 29927.84 9
415 29989.63 9
416 30045.45 7
417 30150.77 7
15185 30190.4 7
16110 30247.4 6
420 30311.83 9
421 30352.05 9
16088 30374.67 9
423 30413.34 9
15364 30520.34 8
425 30594.93 8
15384 30658.68 13
427 30716.67 18
428 30785.21 19
429 30844.7 19
430 30902.87 20
431 30956.78 20
4727 31008.39 20
432 31132.52 20
15279 31231.93 20
16049 31259.78 18
435 31307.64 20
436 31362.0 24
437 31432.14 25
14647 31530.44 23
439 31560.11 23
440 31703.83 21
12754 31766.24 21
442 31873.93 20
443 31986.15 20
445 32237.23 17
446 32346.46 15
18122 32441.19 15
448 32543.82 7
1119 32710.09 5
1120 32752.15 5
1121 32809.39 4
3953 32897.78 3
3954 32932.21 3
8613 33157.31 0
     }
- - - - - -
13 {
386 28800.0 0
388 28917.42 0
389 28944.34 0
390 28978.32 1
391 29001.59 1
14956 29078.66 3
393 29122.37 3
394 29150.36 4
395 29198.15 4
396 29224.1 4
397 29273.63 4
17169 29338.76 4
17162 29372.48 4
14959 29488.61 3
402 29522.95 3
403 29557.97 3
17163 29609.48 3
15848 29650.32 6
406 29694.01 6
14500 29762.51 6
15852 29847.96 6
409 29902.67 5
18047 30006.0 5
17841 30087.15 5
412 30150.85 5
413 30176.49 5
14764 30230.43 6
415 30262.91 6
416 30297.06 6
417 30346.65 6
15185 30408.61 6
16110 30455.54 6
420 30576.13 8
421 30599.54 8
16088 30621.38 8
423 30648.93 8
15364 30824.68 9
425 30929.75 9
15384 30979.61 9
427 31047.46 8
428 31107.73 8
429 31147.7 8
430 31183.59 8
431 31296.76 8
4727 31352.1 7
432 31501.64 9
15279 31570.47 9
16049 31591.99 9
435 31636.62 9
436 31689.11 9
437 31748.35 9
14647 31811.09 9
439 31844.65 9
440 31969.56 12
12754 32014.93 12
442 32101.38 12
443 32303.08 12
445 32477.05 9
446 32588.2 7
18122 32714.67 7
448 32835.39 4
1119 32970.66 3
1120 33033.03 2
1121 33095.22 2
3953 33164.68 2
3954 33200.03 2
8613 33401.83 0
     }
- - - - - -
14 {
386 29100.0 0
388 29222.13 0
389 29251.38 3
390 29271.39 3
391 29295.61 3
14956 29362.12 5
393 29444.04 5
394 29470.2 5
395 29510.78 7
396 29548.34 8
397 29624.91 9
17169 29709.53 8
17162 29799.46 8
14959 29923.2 10
402 29967.2 10
403 30006.21 10
17163 30067.76 11
15848 30122.85 11
406 30180.94 10
14500 30258.41 11
15852 30315.18 11
409 30368.21 12
18047 30472.77 11
17841 30573.75 15
412 30623.33 15
413 30649.64 15
14764 30716.06 15
415 30750.46 15
416 30825.29 18
417 30875.8 18
15185 30929.53 20
16110 30968.79 19
420 31028.27 18
421 31063.46 18
16088 31100.94 19
423 31174.45 17
15364 31300.69 17
425 31359.4 18
15384 31403.78 19
427 31448.71 20
428 31498.9 21
429 31522.69 21
430 31573.6 20
431 31647.31 20
4727 31733.28 23
432 31821.56 21
15279 31900.8 21
16049 31927.36 21
435 31988.36 23
436 32058.54 25
437 32155.68 26
14647 32245.28 29
439 32343.14 31
440 32395.83 32
12754 32474.58 32
442 32568.95 32
443 32692.57 28
445 32908.4 26
446 32991.45 18
18122 33078.0 14
448 33199.72 2
1119 33387.92 2
1120 33447.47 0
1121 33482.29 0
3953 33551.49 0
3954 33586.43 0
8613 33907.34 0
     }
- - - - - -
15 {
386 29451.99 1
388 29544.06 1
389 29585.05 1
390 29611.86 1
391 29634.98 2
14956 29695.07 3
393 29745.45 4
394 29768.56 4
395 29828.56 4
396 29863.62 4
397 29926.89 7
17169 29981.22 7
17162 30059.59 9
14959 30153.04 9
402 30187.66 9
403 30208.23 9
17163 30262.19 9
15848 30308.09 9
406 30344.28 9
14500 30397.21 7
15852 30441.62 7
409 30499.4 7
18047 30570.28 7
17841 30651.44 8
412 30741.52 8
413 30800.67 8
14764 30849.28 8
415 30892.93 8
416 30938.62 7
417 30973.21 7
15185 31029.94 7
16110 31102.09 7
420 31178.07 9
421 31213.46 9
16088 31226.87 9
423 31286.09 9
15364 31406.27 6
425 31462.79 6
15384 31490.85 6
427 31547.25 6
428 31603.67 5
429 31650.96 5
430 31697.24 5
431 31757.28 6
4727 31813.49 5
432 31922.92 6
15279 31982.21 7
16049 32047.43 10
435 32109.33 12
436 32224.28 11
437 32267.93 11
14647 32365.08 12
439 32425.53 13
440 32532.07 13
12754 32579.97 13
442 32707.49 12
443 32893.79 12
445 33200.5 10
446 33258.68 9
18122 33340.85 10
448 33503.35 1
1119 33633.82 0
1120 33711.84 0
1121 33771.88 0
3953 33851.12 0
3954 33883.7 0
8613 34110.48 0
     }
- - - - - -
16 {
386 29761.95 3
388 29840.25 3
389 29889.83 4
390 29916.83 4
391 29942.11 5
14956 29995.65 6
393 30037.29 6
394 30060.03 6
395 30103.38 7
396 30173.61 9
397 30229.91 10
17169 30279.07 10
17162 30354.54 10
14959 30397.36 6
402 30457.26 5
403 30492.32 5
17163 30537.67 5
15848 30596.09 5
406 30632.57 6
14500 30676.95 7
15852 30729.11 7
409 30774.93 6
18047 30913.49 6
17841 30970.96 8
412 31030.91 8
413 31094.05 8
14764 31153.25 7
415 31190.62 7
416 31226.39 6
417 31295.54 10
15185 31362.39 11
16110 31417.13 10
420 31455.81 9
421 31479.92 9
16088 31518.17 9
423 31555.72 8
15364 31737.52 6
425 31833.2 6
15384 31864.38 7
427 31951.58 8
428 31990.26 8
429 32027.42 8
430 32070.21 8
431 32127.28 8
4727 32197.96 8
432 32357.13 8
15279 32437.97 8
16049 32467.7 9
435 32522.07 9
436 32585.31 10
437 32686.34 11
14647 32831.29 12
439 32890.57 14
440 32994.89 15
12754 33111.68 16
442 33187.29 12
443 33358.11 14
445 33554.14 10
446 33639.13 7
18122 33768.59 8
448 33930.46 0
1119 34139.67 0
1120 34214.3 0
1121 34274.84 0
3953 34353.14 0
3954 34385.74 0
8613 34629.93 0
     }
- - - - - -
17 {
386 30099.62 1
388 30198.03 2
389 30222.71 2
390 30281.99 3
391 30304.98 3
14956 30377.05 4
393 30438.2 4
394 30460.1 5
395 30509.23 5
396 30532.35 6
397 30574.23 5
17169 30631.35 5
17162 30690.55 5
14959 30809.58 5
402 30844.99 5
403 30863.53 5
17163 30944.05 6
15848 30991.6 6
406 31046.42 6
14500 31116.84 7
15852 31172.34 7
409 31212.43 6
18047 31316.57 5
17841 31366.34 5
412 31475.76 5
413 31512.5 5
14764 31583.52 5
415 31634.29 4
416 31667.57 5
417 31751.0 5
15185 31787.16 6
16110 31855.45 8
420 31911.25 8
421 31945.84 8
16088 31962.35 8
423 32008.32 9
15364 32176.01 10
425 32260.56 10
15384 32313.97 10
427 32353.37 10
428 32434.27 9
429 32470.25 9
430 32494.86 8
431 32560.99 7
4727 32618.86 9
432 32755.98 8
15279 32843.51 8
16049 32873.36 8
435 32933.53 9
436 33018.18 8
437 33071.36 8
14647 33155.71 8
439 33228.38 8
440 33349.45 7
12754 33457.72 7
442 33527.48 6
443 33648.38 6
445 33848.96 6
446 33972.72 4
18122 34067.94 3
448 34179.36 0
1119 34324.12 0
1120 34381.22 0
1121 34431.95 0
3953 34490.48 0
3954 34535.92 0
8613 34678.14 0
     }
- - - - - -
18 {
386 30417.66 1
388 30476.77 1
389 30504.99 1
390 30533.88 2
391 30560.52 2
14956 30648.63 3
393 30677.5 4
394 30693.9 4
395 30746.22 6
396 30785.04 6
397 30836.57 7
17169 30873.34 7
17162 30922.97 8
14959 31054.73 7
402 31081.56 8
403 31106.97 8
17163 31159.08 8
15848 31205.99 8
406 31239.34 8
14500 31301.86 8
15852 31363.65 8
409 31396.09 7
18047 31488.21 7
17841 31560.97 6
412 31624.98 6
413 31657.07 6
14764 31707.44 5
415 31748.16 4
416 31805.83 4
417 31874.65 4
15185 31918.06 4
16110 31988.74 4
420 32054.77 3
421 32087.32 3
16088 32117.31 3
423 32144.6 3
15364 32283.45 3
425 32338.17 3
15384 32385.36 3
427 32429.44 3
428 32484.14 3
429 32511.51 3
430 32556.01 3
431 32607.13 3
4727 32679.59 3
432 32748.41 3
15279 32814.74 3
16049 32862.24 4
435 32933.04 4
436 33005.08 6
437 33065.29 6
14647 33176.94 6
439 33239.45 6
440 33370.24 5
12754 33462.48 6
442 33520.95 5
443 33600.59 6
445 33754.73 6
446 33827.95 4
18122 33894.48 4
448 34016.51 0
1119 34203.45 0
1120 34255.54 0
1121 34303.67 0
3953 34382.24 0
3954 34423.83 0
8613 34765.18 0
     }
- - - - - -
19 {
386 30609.08 1
388 30696.62 1
389 30723.86 2
390 30743.87 2
391 30755.78 2
14956 30850.71 2
393 30936.22 2
394 30967.09 2
395 31004.15 2
396 31054.27 2
397 31122.13 2
17169 31184.34 2
17162 31267.39 3
14959 31359.66 3
402 31391.78 4
403 31413.89 4
17163 31481.42 4
15848 31553.87 5
406 31608.75 8
14500 31652.58 8
15852 31700.19 8
409 31754.86 6
18047 31840.77 6
17841 31919.66 8
412 31978.1 8
413 32009.62 8
14764 32043.29 8
415 32083.85 7
416 32156.46 6
417 32204.7 6
15185 32258.3 6
16110 32300.88 6
420 32343.98 6
421 32364.4 6
16088 32381.5 6
423 32410.45 6
15364 32535.98 5
425 32681.35 5
15384 32730.28 6
427 32802.55 8
428 32852.11 9
429 32895.98 8
430 32914.4 7
431 32995.67 6
4727 33054.43 10
432 33155.86 11
15279 33223.0 12
16049 33275.42 16
435 33318.83 20
436 33387.35 17
437 33444.21 17
14647 33516.03 18
439 33576.24 17
440 33728.42 15
12754 33822.22 15
442 33939.26 14
443 34074.6 13
445 34473.97 12
446 34569.78 10
18122 34655.67 8
448 34767.88 3
1119 34922.23 3
1120 35026.03 3
1121 35114.07 3
3953 35169.03 3
3954 35205.08 3
8613 35364.18 0
     }
- - - - - -
20 {
386 30918.21 1
388 31004.88 1
389 31038.16 1
390 31067.76 1
391 31080.07 1
14956 31183.57 2
393 31210.45 2
394 31236.64 2
395 31264.39 2
396 31285.89 2
397 31346.71 3
17169 31425.03 3
17162 31484.37 3
14959 31609.06 2
402 31666.0 2
403 31689.11 2
17163 31725.3 3
15848 31777.35 4
406 31805.35 4
14500 31880.32 4
15852 31927.53 4
409 31951.65 4
18047 32063.61 5
17841 32129.53 5
412 32223.5 5
413 32259.43 4
14764 32322.22 5
415 32359.05 5
416 32417.06 3
417 32472.9 3
15185 32531.85 3
16110 32574.09 3
420 32608.58 3
421 32644.17 3
16088 32666.31 3
423 32713.65 3
15364 32835.78 2
425 32926.26 2
15384 32975.11 3
427 33026.32 3
428 33092.78 3
429 33178.56 3
430 33203.66 3
431 33277.47 4
4727 33354.37 5
432 33425.2 5
15279 33478.23 5
16049 33521.82 4
435 33592.32 6
436 33652.4 6
437 33735.82 5
14647 33815.38 5
439 33858.07 5
440 33944.77 5
12754 34023.81 5
442 34125.76 5
443 34385.29 4
445 34583.73 4
446 34669.16 3
18122 34763.52 2
448 34824.81 0
1119 34989.67 0
1120 35045.09 0
1121 35103.04 0
3953 35148.38 0
3954 35182.9 0
8613 35406.42 0
     }
- - - - - -
21 {
386 31202.03 0
388 31299.07 0
389 31351.4 0
390 31377.9 0
391 31391.83 0
14956 31434.54 0
393 31497.18 0
394 31523.96 0
395 31547.75 0
396 31582.3 0
397 31633.44 1
17169 31687.7 1
17162 31729.22 1
14959 31783.01 1
402 31843.71 1
403 31891.61 1
17163 31922.61 1
15848 31969.75 1
406 31997.93 1
14500 32045.09 1
15852 32090.82 1
409 32127.89 1
18047 32208.6 1
17841 32280.5 1
412 32411.19 1
413 32437.56 1
14764 32483.48 1
415 32522.34 1
416 32569.37 1
417 32678.46 1
15185 32749.92 1
16110 32812.26 1
420 32864.65 1
421 32896.05 1
16088 32926.23 1
423 32955.58 1
15364 33103.86 1
425 33209.5 2
15384 33245.76 2
427 33313.83 2
428 33362.73 2
429 33427.83 3
430 33472.45 3
431 33519.66 3
4727 33635.09 4
432 33794.9 4
15279 33878.09 4
16049 33909.22 4
435 33961.67 4
436 34018.73 4
437 34111.4 4
14647 34217.76 7
439 34271.21 7
440 34416.25 5
12754 34467.79 5
442 34572.17 4
443 34770.4 4
445 34982.0 4
446 35120.97 4
18122 35231.72 3
448 35348.33 0
1119 35490.32 0
1120 35542.18 0
1121 35591.93 0
3953 35643.42 0
3954 35662.82 0
8613 35867.5 0
     }
- - - - - -
22 {
386 31530.54 0
388 31608.25 0
389 31638.25 0
390 31671.92 0
391 31701.61 1
14956 31759.69 1
393 31790.22 1
394 31826.58 1
395 31864.83 1
396 31906.18 1
397 31955.98 2
17169 32044.65 3
17162 32107.16 2
14959 32217.34 2
402 32255.06 2
403 32297.37 2
17163 32342.59 2
15848 32421.4 2
406 32460.34 3
14500 32509.97 4
15852 32560.2 4
409 32591.64 6
18047 32717.01 7
17841 32771.3 7
412 32837.17 7
413 32887.87 6
14764 32960.87 6
415 33001.21 6
416 33049.5 7
417 33097.66 7
15185 33121.59 7
16110 33157.79 6
420 33193.4 7
421 33235.59 7
16088 33254.71 7
423 33296.48 6
15364 33411.1 5
425 33521.98 5
15384 33552.53 5
427 33591.1 4
428 33662.16 5
429 33704.27 5
430 33734.71 5
431 33775.98 5
4727 33835.82 4
432 33926.79 4
15279 33985.33 4
16049 34023.67 4
435 34060.15 4
436 34121.24 4
437 34182.82 4
14647 34251.35 4
439 34292.09 4
440 34384.2 4
12754 34473.1 4
442 34546.86 3
443 34775.35 3
445 34965.4 3
446 35032.53 2
18122 35142.31 2
448 35243.75 0
1119 35345.74 0
1120 35397.23 0
1121 35491.24 0
3953 35544.49 0
3954 35570.18 0
8613 35787.05 0
     }
- - - - - -
23 {
386 31839.12 0
388 31980.45 0
389 32017.42 1
390 32068.66 2
391 32092.08 2
14956 32164.38 2
393 32208.12 5
394 32238.95 5
395 32272.71 5
396 32305.65 5
397 32359.46 5
17169 32438.88 6
17162 32545.98 6
14959 32658.95 7
402 32693.68 7
403 32733.48 8
17163 32791.67 8
15848 32872.86 8
406 32908.77 7
14500 32949.66 8
15852 33035.46 8
409 33076.74 11
18047 33139.02 11
17841 33203.68 9
412 33245.18 9
413 33297.35 10
14764 33337.66 10
415 33384.98 12
416 33415.77 13
417 33482.17 12
15185 33521.19 10
16110 33555.69 10
420 33642.41 9
421 33668.13 10
16088 33688.46 10
423 33750.3 10
15364 33881.7 7
425 33984.63 7
15384 34013.65 7
427 34042.03 8
428 34119.48 7
429 34157.52 7
430 34187.57 7
431 34285.46 6
4727 34368.5 4
432 34486.72 4
15279 34536.92 4
16049 34562.87 5
435 34630.24 6
436 34698.23 7
437 34815.92 7
14647 34917.52 7
439 34968.75 7
440 35040.35 7
12754 35091.33 7
442 35158.55 6
443 35332.94 5
445 35765.9 5
446 35859.34 3
18122 35955.05 1
     }
- - - - - -
24 {
386 32167.72 1
388 32225.46 1
389 32253.6 2
390 32300.14 2
391 32327.35 2
14956 32396.73 2
393 32427.68 2
394 32443.22 2
395 32476.49 3
396 32505.42 3
397 32577.64 3
17169 32624.08 3
17162 32684.38 5
14959 32801.87 6
402 32872.6 7
403 32908.11 7
17163 32940.97 7
15848 32991.36 7
406 33022.9 6
14500 33052.79 6
15852 33138.33 6
409 33185.71 6
18047 33325.51 3
17841 33407.02 3
412 33456.55 3
413 33509.79 5
14764 33576.95 5
415 33610.36 5
416 33681.41 5
417 33737.59 5
15185 33797.78 5
16110 33839.41 5
420 33894.57 4
421 33920.82 4
16088 33941.87 4
423 33988.56 4
15364 34162.8 7
425 34231.94 8
15384 34270.98 9
427 34320.94 8
428 34384.09 9
429 34425.1 9
430 34446.67 9
431 34496.41 8
4727 34552.62 9
432 34626.78 7
15279 34699.42 7
16049 34720.63 7
435 34760.16 7
436 34885.32 7
437 34959.86 8
14647 35012.0 8
439 35055.45 8
440 35175.16 9
12754 35238.1 9
442 35329.52 8
443 35451.43 7
445 35621.26 6
446 35685.87 4
18122 35775.37 2
448 35959.63 0
     }
- - - - - -
25 {
386 32515.52 3
388 32616.0 4
389 32649.45 5
390 32692.03 5
391 32706.99 5
14956 32793.73 4
393 32826.33 4
394 32848.0 5
395 32875.49 5
396 32892.42 5
397 32934.07 4
17169 32995.94 4
17162 33078.36 6
14959 33190.84 6
402 33225.32 7
403 33245.62 7
17163 33285.56 7
15848 33332.41 7
406 33367.72 7
14500 33418.14 7
15852 33500.56 7
409 33559.32 5
18047 33635.91 5
17841 33701.32 5
412 33779.76 5
413 33844.48 5
14764 33881.71 5
415 33944.63 5
416 33977.7 5
417 34073.16 5
15185 34131.89 6
16110 34183.59 6
420 34235.16 7
421 34264.61 7
16088 34293.57 7
423 34341.6 8
15364 34469.9 5
425 34549.96 5
15384 34589.76 6
427 34617.1 6
428 34694.41 7
429 34726.85 6
430 34748.58 6
431 34808.68 6
4727 34861.91 5
432 34993.02 5
15279 35056.12 5
16049 35094.61 6
435 35165.71 6
436 35243.37 5
437 35307.32 5
14647 35422.75 5
439 35481.87 5
440 35552.53 5
12754 35613.61 5
442 35702.71 6
443 35929.53 5
     }
- - - - - -
26 {
386 32798.07 4
388 32900.33 4
389 32928.17 4
390 32977.45 4
391 32991.96 4
14956 33035.59 4
393 33069.59 4
394 33102.69 5
395 33144.33 5
396 33188.06 6
397 33225.71 4
17169 33289.04 6
17162 33330.55 6
14959 33413.73 6
402 33460.1 6
403 33485.74 6
17163 33510.77 6
15848 33542.49 6
406 33604.03 6
14500 33657.88 7
15852 33742.55 7
409 33805.87 6
18047 33894.68 7
17841 33971.29 8
412 34063.51 8
413 34110.83 8
14764 34154.46 8
415 34258.38 8
416 34328.44 6
417 34395.74 6
15185 34446.67 6
16110 34500.65 6
420 34592.01 6
421 34620.06 6
16088 34638.74 6
423 34703.83 6
15364 34859.54 4
425 34937.95 5
15384 34976.56 5
427 35029.06 5
428 35081.73 5
429 35116.68 5
430 35146.02 5
431 35209.09 5
4727 35269.34 4
432 35356.08 4
15279 35460.14 4
16049 35494.42 4
435 35543.41 4
436 35591.19 4
437 35670.99 4
14647 35729.74 4
439 35795.53 4
440 35872.67 4
12754 35934.68 4
     }
- - - - - -
27 {
386 33055.79 0
388 33147.94 0
389 33170.16 0
390 33193.1 0
391 33206.5 0
14956 33264.34 2
393 33299.16 3
394 33321.05 3
395 33373.58 3
396 33413.06 3
397 33454.63 3
17169 33552.19 3
17162 33668.25 1
14959 33889.54 1
402 33911.07 1
403 33942.46 1
17163 33983.79 1
15848 34026.36 2
406 34051.62 2
14500 34106.55 2
15852 34161.82 2
409 34215.5 3
18047 34302.87 3
17841 34372.17 3
412 34478.37 3
413 34515.91 3
14764 34586.56 4
415 34672.01 4
416 34695.63 3
417 34729.62 3
15185 34820.52 4
16110 34877.08 4
420 34934.1 4
421 34965.6 4
16088 34979.85 4
423 35032.38 4
15364 35117.74 3
425 35208.32 3
15384 35239.94 3
427 35287.96 3
428 35323.92 4
429 35359.09 4
430 35395.14 4
431 35440.06 4
4727 35492.76 4
432 35588.63 4
15279 35632.67 4
16049 35657.69 4
435 35704.36 4
436 35775.43 4
437 35825.66 4
14647 35977.48 4
     }
- - - - - -
28 {
386 33300.0 0
388 33406.54 0
389 33445.49 0
390 33471.46 0
391 33489.33 0
14956 33524.89 0
393 33575.32 0
394 33596.75 0
395 33615.97 0
396 33643.33 0
397 33754.37 0
17169 33815.78 0
17162 33871.7 0
14959 33973.77 0
402 34007.45 0
403 34047.6 0
17163 34099.94 0
15848 34159.13 0
406 34179.99 0
14500 34263.5 0
15852 34325.12 0
409 34346.63 0
18047 34504.5 0
17841 34555.95 0
412 34597.17 0
413 34622.08 0
14764 34667.78 0
415 34708.52 0
416 34751.16 0
417 34832.71 0
15185 34865.48 0
16110 34926.73 0
420 34974.01 0
421 35010.38 0
16088 35035.78 0
423 35067.63 0
15364 35191.29 0
425 35247.89 0
15384 35326.04 0
427 35358.83 0
428 35407.97 0
429 35468.59 0
430 35513.54 0
431 35562.95 1
4727 35631.24 1
432 35673.88 1
15279 35746.31 1
16049 35780.05 1
435 35839.05 2
436 35951.66 2
     }
- - - - - -
29 {
386 33616.07 0
388 33690.79 0
389 33714.26 0
390 33740.37 0
391 33758.29 0
14956 33801.79 0
393 33822.7 0
394 33866.93 0
395 33921.7 0
396 33954.02 0
397 34032.64 0
17169 34102.91 0
17162 34160.99 0
14959 34285.29 0
402 34326.93 0
403 34377.07 0
17163 34423.22 0
15848 34480.43 0
406 34507.48 0
14500 34557.84 0
15852 34628.52 0
409 34666.09 1
18047 34764.39 1
17841 34854.28 1
412 34909.07 1
413 34956.76 1
14764 35017.91 1
415 35056.01 1
416 35100.05 2
417 35154.82 2
15185 35203.43 2
16110 35239.15 2
420 35342.27 2
421 35371.71 2
16088 35390.04 2
423 35427.78 3
15364 35542.38 3
425 35598.47 3
15384 35651.68 3
427 35701.98 2
428 35757.98 2
429 35792.98 2
430 35845.38 2
431 35881.92 2
4727 35937.08 2
432 35990.6 2
     }
- - - - - -
30 {
386 34014.68 2
388 34112.18 2
389 34148.02 4
390 34164.65 4
391 34189.35 5
14956 34245.68 4
393 34284.61 4
394 34311.43 4
395 34354.1 4
396 34391.75 4
397 34441.67 5
17169 34538.16 5
17162 34585.47 6
14959 34692.33 5
402 34729.0 5
403 34754.67 5
17163 34811.31 6
15848 34880.89 7
406 34940.82 7
14500 34979.33 8
15852 35017.57 7
409 35057.31 6
18047 35157.96 5
17841 35268.3 5
412 35321.84 5
413 35365.21 5
14764 35425.52 4
415 35472.15 5
416 35519.57 4
417 35578.36 4
15185 35635.14 5
16110 35698.37 4
420 35746.6 4
421 35785.22 4
16088 35805.46 4
423 35839.59 5
15364 35948.72 4
     }
- - - - - -
31 {
386 34275.51 4
388 34392.18 5
389 34426.88 5
390 34450.5 5
391 34480.09 5
14956 34540.65 4
393 34573.52 5
394 34606.68 7
395 34650.23 7
396 34687.89 8
397 34745.63 10
17169 34815.2 10
17162 34857.09 10
14959 35026.95 8
402 35085.96 8
403 35108.71 8
17163 35156.62 8
15848 35196.91 9
406 35236.95 9
14500 35310.33 10
15852 35415.5 11
409 35471.93 12
18047 35574.56 12
17841 35649.67 14
412 35717.62 13
413 35748.29 12
14764 35841.37 12
415 35871.17 12
416 35922.18 7
417 35975.67 7
     }
- - - - - -
32 {
386 34554.28 3
388 34775.78 3
389 34809.15 4
390 34835.36 4
391 34857.57 4
14956 34924.77 5
393 34953.36 6
394 34976.24 4
395 35028.87 5
396 35066.4 7
397 35104.55 7
17169 35156.72 7
17162 35213.19 7
14959 35296.76 9
402 35347.06 9
403 35378.86 9
17163 35420.86 9
15848 35501.15 11
406 35564.01 10
14500 35622.36 11
15852 35700.83 13
409 35798.56 10
18047 35882.97 10
17841 35954.94 12
     }
- - - - - -
33 {
386 34827.46 1
388 34913.29 1
389 34960.88 1
390 34991.3 1
391 35025.26 1
14956 35091.64 2
393 35134.23 2
394 35169.62 3
395 35209.95 3
396 35246.97 3
397 35308.62 4
17169 35358.41 4
17162 35421.43 4
14959 35570.17 3
402 35623.55 3
403 35648.89 3
17163 35673.78 3
15848 35748.58 4
406 35781.91 4
14500 35856.2 4
15852 35921.29 6
409 35958.78 4
     }
- - - - - -
34 {
386 35128.85 0
388 35307.38 0
389 35335.21 0
390 35357.31 0
391 35382.98 0
14956 35459.64 0
393 35503.16 1
394 35526.86 1
395 35559.61 1
396 35586.81 1
397 35628.97 2
17169 35707.23 3
17162 35759.23 6
14959 35861.46 5
402 35892.58 5
403 35919.63 5
17163 35949.73 5
     }
- - - - - -
35 {
386 35400.0 0
388 35483.68 0
389 35508.8 0
390 35524.02 0
391 35545.94 0
14956 35600.25 0
393 35636.97 0
394 35664.99 0
395 35695.88 0
396 35717.58 0
397 35763.69 0
17169 35830.69 0
17162 35908.4 0
14959 35965.4 0
     }
- - - - - -
36 {
386 35790.61 0
388 35867.44 0
389 35900.21 1
390 35918.64 1
391 35948.83 1
     }
- - - - - -
37 {
     }
- - - - - -
